9.99997650e-01 -5.29650559e-04 2.06632428e-03 4.51134475e-02 5.27262756e-04 9.99999186e-01 1.15595735e-03 2.74313734e-02 -2.06693461e-03 -1.15486574e-03 9.99997194e-01 -8.58821519e-01 0.00000000e+00 0.00000000e+00 0.00000000e+00 1.00000000e+00
9.99997724e-01 -5.26482038e-04 2.06320804e-03 4.32691822e-02 5.24099168e-04 9.99999178e-01 1.15542019e-03 2.64272839e-02 -2.06381488e-03 -1.15433535e-03 9.99997209e-01 -8.57830360e-01 0.00000000e+00 0.00000000e+00 0.00000000e+00 1.00000000e+00
9.99997775e-01 -5.24674055e-04 2.06543392e-03 4.15354480e-02 5.22284187e-04 9.99999261e-01 1.15788052e-03 2.54884624e-02 -2.06604111e-03 -1.15680034e-03 9.99997188e-01 -8.59056476e-01 0.00000000e+00 0.00000000e+00 0.00000000e+00 1.00000000e+00
9.99997772e-01 -5.21578200e-04 2.06257304e-03 3.97020144e-02 5.19190726e-04 9.99999158e-01 1.15748784e-03 2.44857975e-02 -2.06317473e-03 -1.15641302e-03 9.99997213e-01 -8.58163670e-01 0.00000000e+00 0.00000000e+00 0.00000000e+00 1.00000000e+00
9.99997727e-01 -5.19699338e-04 2.06453045e-03 3.79601589e-02 5.17305281e-04 9.99999239e-01 1.15980665e-03 2.35375551e-02 -2.06513323e-03 -1.15873670e-03 9.99997179e-01 -8.59275276e-01 0.00000000e+00 0.00000000e+00 0.00000000e+00 1.00000000e+00
9.99997749e-01 -5.16588870e-04 2.06160318e-03 3.61310543e-02 5.14200207e-04 9.99999141e-01 1.15937061e-03 2.25323619e-02 -2.06219996e-03 -1.15830749e-03 9.99997218e-01 -8.58342566e-01 0.00000000e+00 0.00000000e+00 0.00000000e+00 1.00000000e+00
9.99997702e-01 -5.14786198e-04 2.06387121e-03 3.43918945e-02 5.12389654e-04 9.99999217e-01 1.16187733e-03 2.15812328e-02 -2.06446593e-03 -1.16081644e-03 9.99997163e-01 -8.59579895e-01 0.00000000e+00 0.00000000e+00 0.00000000e+00 1.00000000e+00
9.99997749e-01 -5.11649917e-04 2.06080575e-03 3.25660894e-02 5.09256477e-04 9.99999225e-01 1.16136288e-03 2.05730329e-02 -2.06139777e-03 -1.16031141e-03 9.99997217e-01 -8.58582275e-01 0.00000000e+00 0.00000000e+00 0.00000000e+00 1.00000000e+00
9.99997719e-01 -5.09673145e-04 2.06240203e-03 3.08138165e-02 5.07274405e-04 9.99999204e-01 1.16349027e-03 1.96091948e-02 -2.06298696e-03 -1.16244106e-03 9.99997164e-01 -8.59530868e-01 0.00000000e+00 0.00000000e+00 0.00000000e+00 1.00000000e+00
9.99997714e-01 -5.07357429e-04 2.06263710e-03 2.90390533e-02 5.04954495e-04 9.99999189e-01 1.16485143e-03 1.86285953e-02 -2.06323069e-03 -1.16381271e-03 9.99997236e-01 -8.59906198e-01 0.00000000e+00 0.00000000e+00 0.00000000e+00 1.00000000e+00
9.99997822e-01 -5.04009966e-04 2.05865534e-03 2.72110619e-02 5.01615401e-04 9.99999213e-01 1.16383191e-03 1.76112409e-02 -2.05923814e-03 -1.16279471e-03 9.99997139e-01 -8.58522208e-01 0.00000000e+00 0.00000000e+00 0.00000000e+00 1.00000000e+00
9.99997771e-01 -5.02285041e-04 2.06130244e-03 2.54692683e-02 4.99881177e-04 9.99999179e-01 1.16655635e-03 1.66473861e-02 -2.06189268e-03 -1.16552673e-03 9.99997236e-01 -8.59894237e-01 0.00000000e+00 0.00000000e+00 0.00000000e+00 1.00000000e+00
9.99997708e-01 -4.99751949e-04 2.06063790e-03 2.36850933e-02 4.97347665e-04 9.99999174e-01 1.16742941e-03 1.56537740e-02 -2.06122147e-03 -1.16639441e-03 9.99997133e-01 -8.59888512e-01 0.00000000e+00 0.00000000e+00 0.00000000e+00 1.00000000e+00
9.99997673e-01 -6.26148210e-04 2.06972869e-03 2.19358233e-02 6.23558014e-04 9.99998983e-01 1.25205027e-03 1.46926829e-02 -2.07050631e-03 -1.25075477e-03 9.99997156e-01 -8.59187082e-01 0.00000000e+00 0.00000000e+00 0.00000000e+00 1.00000000e+00
9.99997160e-01 1.46739692e-03 1.87389193e-03 1.92475073e-02 -1.46718026e-03 9.99998988e-01 -1.17396771e-04 1.28575162e-02 -1.87406585e-03 1.14637620e-04 9.99998245e-01 -8.55557995e-01 0.00000000e+00 0.00000000e+00 0.00000000e+00 1.00000000e+00
9.99994790e-01 -2.32687730e-03 2.22970941e-03 1.93008585e-02 2.32159725e-03 9.99994423e-01 2.36807435e-03 1.43279669e-02 -2.23520376e-03 -2.36287215e-03 9.99994684e-01 -8.63332522e-01 0.00000000e+00 0.00000000e+00 0.00000000e+00 1.00000000e+00
9.99998228e-01 -9.53089180e-04 1.65043124e-03 1.91017806e-02 9.48766749e-04 9.99996107e-01 2.61841583e-03 1.19302955e-02 -1.65292675e-03 -2.61685537e-03 9.99995236e-01 -8.70433106e-01 0.00000000e+00 0.00000000e+00 0.00000000e+00 1.00000000e+00
9.99991033e-01 -3.72647941e-03 1.99177748e-03 2.29040137e-02 3.72260093e-03 9.99991211e-01 1.94744787e-03 1.14901848e-02 -1.99901966e-03 -1.94001032e-03 9.99996039e-01 -8.81242268e-01 0.00000000e+00 0.00000000e+00 0.00000000e+00 1.00000000e+00
9.99998382e-01 -1.15414843e-03 1.35489819e-03 1.85177903e-02 1.15459801e-03 9.99999329e-01 -3.31680624e-04 1.10612702e-02 -1.35450226e-03 3.33244489e-04 9.99999093e-01 -8.91661466e-01 0.00000000e+00 0.00000000e+00 0.00000000e+00 1.00000000e+00
9.99998738e-01 3.01991764e-04 1.60576487e-03 1.76989949e-02 -2.99287493e-04 9.99998525e-01 -1.68112065e-03 1.32844546e-02 -1.60628367e-03 1.68063813e-03 9.99997229e-01 -9.01449671e-01 0.00000000e+00 0.00000000e+00 0.00000000e+00 1.00000000e+00
9.99998776e-01 -1.66557461e-04 1.52140265e-03 1.31950931e-02 1.68782039e-04 9.99998905e-01 -1.46025576e-03 1.34626599e-02 -1.52115541e-03 1.46051018e-03 9.99997784e-01 -9.05969000e-01 0.00000000e+00 0.00000000e+00 0.00000000e+00 1.00000000e+00
9.99999201e-01 4.86342142e-04 1.18347080e-03 1.58565375e-02 -4.85792969e-04 9.99999781e-01 -4.66889787e-04 1.24159270e-02 -1.18369679e-03 4.66312846e-04 9.99999194e-01 -9.12823317e-01 0.00000000e+00 0.00000000e+00 0.00000000e+00 1.00000000e+00
9.99998430e-01 -2.40587894e-04 1.75628925e-03 1.18796624e-02 2.39448794e-04 9.99999723e-01 6.47890965e-04 1.21436744e-02 -1.75644108e-03 -6.47470064e-04 9.99998314e-01 -9.14942516e-01 0.00000000e+00 0.00000000e+00 0.00000000e+00 1.00000000e+00
9.99998030e-01 1.67830560e-03 1.05608552e-03 1.15692473e-02 -1.67959086e-03 9.99997865e-01 1.21457631e-03 1.15202887e-02 -1.05404551e-03 -1.21634595e-03 9.99998646e-01 -9.18362154e-01 0.00000000e+00 0.00000000e+00 0.00000000e+00 1.00000000e+00
9.99999649e-01 3.12747655e-04 7.80074478e-04 9.64692053e-03 -3.11511954e-04 9.99998681e-01 -1.58310613e-03 1.19678905e-02 -7.80567495e-04 1.58286041e-03 9.99998460e-01 -9.28569132e-01 0.00000000e+00 0.00000000e+00 0.00000000e+00 1.00000000e+00
9.99998847e-01 -1.52625174e-03 4.99032283e-05 1.33108215e-02 1.52643559e-03 9.99991161e-01 -3.93176064e-03 1.76378016e-02 -4.39010813e-05 3.93183416e-03 9.99992300e-01 -9.35886348e-01 0.00000000e+00 0.00000000e+00 0.00000000e+00 1.00000000e+00
9.99999433e-01 -6.29872833e-04 -8.04388760e-04 1.14914669e-02 6.26890757e-04 9.99992971e-01 -3.69983440e-03 2.18241396e-02 8.06721088e-04 3.69932572e-03 9.99992776e-01 -9.37008575e-01 0.00000000e+00 0.00000000e+00 0.00000000e+00 1.00000000e+00
9.99998448e-01 1.05235704e-03 -1.42765620e-03 9.48251020e-03 -1.05603079e-03 9.99996104e-01 -2.58003927e-03 1.95841865e-02 1.42493627e-03 2.58154259e-03 9.99995728e-01 -9.43757522e-01 0.00000000e+00 0.00000000e+00 0.00000000e+00 1.00000000e+00
9.99998969e-01 2.49890199e-04 -1.43893583e-03 1.07428144e-02 -2.51616003e-04 9.99999211e-01 -1.19532182e-03 1.74244370e-02 1.43863471e-03 1.19568352e-03 9.99998255e-01 -9.46659703e-01 0.00000000e+00 0.00000000e+00 0.00000000e+00 1.00000000e+00
9.99999225e-01 -3.48633718e-04 -1.18436543e-03 1.12792513e-02 3.51663068e-04 9.99996636e-01 2.55762799e-03 1.48681123e-02 1.18345469e-03 -2.55804453e-03 9.99995943e-01 -9.49244831e-01 0.00000000e+00 0.00000000e+00 0.00000000e+00 1.00000000e+00
9.99998780e-01 -1.22675288e-03 -9.53185118e-04 1.25503908e-02 1.23175570e-03 9.99985354e-01 5.27016264e-03 1.21323977e-02 9.46713590e-04 -5.27133179e-03 9.99985665e-01 -9.53144483e-01 0.00000000e+00 0.00000000e+00 0.00000000e+00 1.00000000e+00
9.99999125e-01 5.67437993e-04 -1.23731430e-03 1.09997605e-02 -5.63088278e-04 9.99993774e-01 3.51089057e-03 1.00148098e-02 1.23930081e-03 -3.51019141e-03 9.99993064e-01 -9.59919768e-01 0.00000000e+00 0.00000000e+00 0.00000000e+00 1.00000000e+00
9.99996684e-01 2.46401314e-03 -7.16667178e-04 9.60274213e-03 -2.46488888e-03 9.99996219e-01 -1.21533602e-03 1.27981504e-02 7.13668891e-04 1.21710401e-03 9.99999058e-01 -9.69737684e-01 0.00000000e+00 0.00000000e+00 0.00000000e+00 1.00000000e+00
9.99998142e-01 1.89408233e-03 2.00605056e-04 9.97063891e-03 -1.89307309e-03 9.99986234e-01 -4.89289829e-03 1.55620388e-02 -2.09868026e-04 4.89251110e-03 9.99988031e-01 -9.76855553e-01 0.00000000e+00 0.00000000e+00 0.00000000e+00 1.00000000e+00
9.99993816e-01 3.41013819e-03 9.29396238e-04 9.28250102e-03 -3.40634306e-03 9.99985912e-01 -4.05353208e-03 1.91137179e-02 -9.43205006e-04 4.05033687e-03 9.99991284e-01 -9.80599578e-01 0.00000000e+00 0.00000000e+00 0.00000000e+00 1.00000000e+00
9.99969931e-01 7.66930764e-03 1.07853794e-03 5.24429275e-04 -7.66971268e-03 9.99970522e-01 3.70787403e-04 1.53474915e-02 -1.07566729e-03 -3.79048422e-04 9.99999366e-01 -9.80497974e-01 0.00000000e+00 0.00000000e+00 0.00000000e+00 1.00000000e+00
9.99994533e-01 2.89210535e-03 1.63040434e-03 5.74755117e-03 -2.89848481e-03 9.99988080e-01 3.92367285e-03 1.03048004e-02 -1.61903750e-03 -3.92837837e-03 9.99990989e-01 -9.80499474e-01 0.00000000e+00 0.00000000e+00 0.00000000e+00 1.00000000e+00
9.99998251e-01 -1.00981741e-03 1.55653755e-03 1.19840377e-02 1.00298500e-03 9.99989967e-01 4.38394478e-03 1.06965494e-02 -1.56095686e-03 -4.38237138e-03 9.99989149e-01 -9.85699855e-01 0.00000000e+00 0.00000000e+00 0.00000000e+00 1.00000000e+00
9.99997986e-01 -6.33835346e-04 1.90203891e-03 1.32004407e-02 6.31424107e-04 9.99998975e-01 1.26822531e-03 2.25663784e-02 -1.90282786e-03 -1.26702315e-03 9.99997455e-01 -1.01301524e+00 0.00000000e+00 0.00000000e+00 0.00000000e+00 1.00000000e+00
9.99999428e-01 1.63455979e-04 1.06224700e-03 1.49066092e-02 -1.61181346e-04 9.99997687e-01 -2.14110840e-03 4.67504656e-02 -1.06259659e-03 2.14093147e-03 9.99997088e-01 -1.05931246e+00 0.00000000e+00 0.00000000e+00 0.00000000e+00 1.00000000e+00
9.99994453e-01 -3.18096331e-03 1.02239990e-03 1.78095649e-02 3.18415004e-03 9.99990064e-01 -3.12987650e-03 4.09919597e-02 -1.01243637e-03 3.13312261e-03 9.99994575e-01 -1.04367733e+00 0.00000000e+00 0.00000000e+00 0.00000000e+00 1.00000000e+00
9.99999175e-01 -1.92788102e-04 1.29367987e-03 1.48318083e-02 1.94066012e-04 9.99999492e-01 -9.87997846e-04 4.18387438e-02 -1.29348629e-03 9.88242184e-04 9.99998695e-01 -1.04559953e+00 0.00000000e+00 0.00000000e+00 0.00000000e+00 1.00000000e+00
9.99999184e-01 -7.64898091e-04 9.94646075e-04 1.24917288e-02 7.67189261e-04 9.99997037e-01 -2.30497592e-03 3.32923707e-02 -9.92891345e-04 2.30573494e-03 9.99996815e-01 -1.03445170e+00 0.00000000e+00 0.00000000e+00 0.00000000e+00 1.00000000e+00
9.99999790e-01 5.82848927e-04 5.38445915e-05 1.34506121e-02 -5.82638792e-04 9.99992543e-01 -3.82427889e-03 3.70380391e-02 -5.60670415e-05 3.82424804e-03 9.99992697e-01 -1.03712933e+00 0.00000000e+00 0.00000000e+00 0.00000000e+00 1.00000000e+00
9.99982508e-01 -5.89802233e-03 4.67881217e-04 2.21009674e-02 5.89881934e-03 9.99981102e-01 -1.71737193e-03 2.88799896e-02 -4.57738717e-04 1.72010235e-03 9.99998484e-01 -1.02513264e+00 0.00000000e+00 0.00000000e+00 0.00000000e+00 1.00000000e+00
9.99999877e-01 -4.70931024e-04 -8.45200107e-05 1.81732220e-02 4.70905317e-04 9.99999821e-01 -3.05769724e-04 2.93309507e-02 8.46571337e-05 3.05729682e-04 9.99999858e-01 -1.02428059e+00 0.00000000e+00 0.00000000e+00 0.00000000e+00 1.00000000e+00
9.99999968e-01 1.86415267e-04 1.44834238e-04 1.43703640e-02 -1.86672577e-04 9.99998428e-01 1.78139387e-03 2.24066872e-02 -1.44498085e-04 -1.78142093e-03 9.99998417e-01 -1.01216965e+00 0.00000000e+00 0.00000000e+00 0.00000000e+00 1.00000000e+00
9.99996998e-01 -2.45110576e-03 -2.46700596e-04 1.99558939e-02 2.45179002e-03 9.99993026e-01 2.81330789e-03 2.42687865e-02 2.39805713e-04 -2.81390262e-03 9.99996055e-01 -1.00742408e+00 0.00000000e+00 0.00000000e+00 0.00000000e+00 1.00000000e+00
9.99999496e-01 1.69079473e-04 9.73981877e-04 1.26154263e-02 -1.69189521e-04 9.99999911e-01 1.13850178e-04 2.78174762e-02 -9.73967192e-04 -1.14015647e-04 9.99999477e-01 -1.00319106e+00 0.00000000e+00 0.00000000e+00 0.00000000e+00 1.00000000e+00
9.99997060e-01 2.02829849e-03 1.31572253e-03 9.20165012e-03 -2.02626973e-03 9.99996807e-01 -1.54226195e-03 2.61735307e-02 -1.31884296e-03 1.53959163e-03 9.99998024e-01 -1.00131195e+00 0.00000000e+00 0.00000000e+00 0.00000000e+00 1.00000000e+00
9.99999601e-01 -1.44558249e-04 8.74008905e-04 1.37060205e-02 1.45441453e-04 9.99999435e-01 -1.01034995e-03 2.94449082e-02 -8.73856854e-04 1.01047679e-03 9.99999063e-01 -9.97099267e-01 0.00000000e+00 0.00000000e+00 0.00000000e+00 1.00000000e+00
9.99995850e-01 -2.88911220e-03 2.61532440e-04 1.86903869e-02 2.88853366e-03 9.99993520e-01 2.17342508e-03 2.61001540e-02 -2.67817995e-04 -2.17266173e-03 9.99997571e-01 -9.88515305e-01 0.00000000e+00 0.00000000e+00 0.00000000e+00 1.00000000e+00
9.99999472e-01 -7.03884074e-04 7.34907190e-04 1.70812037e-02 6.99887959e-04 9.99985009e-01 5.43577019e-03 1.92309017e-02 -7.38728337e-04 -5.43524942e-03 9.99984965e-01 -9.80203384e-01 0.00000000e+00 0.00000000e+00 0.00000000e+00 1.00000000e+00
9.99999747e-01 -4.55464941e-04 4.64756384e-04 1.24650577e-02 4.55092915e-04 9.99999507e-01 7.97260758e-04 1.66480029e-02 -4.65110318e-04 -7.97043746e-04 9.99999647e-01 -9.84267416e-01 0.00000000e+00 0.00000000e+00 0.00000000e+00 1.00000000e+00
9.99999827e-01 5.60491102e-04 3.06967989e-04 1.00907186e-02 -5.59489461e-04 9.99994591e-01 -3.25779095e-03 2.61749605e-02 -3.08794912e-04 3.25761069e-03 9.99994579e-01 -9.83164370e-01 0.00000000e+00 0.00000000e+00 0.00000000e+00 1.00000000e+00
9.99995781e-01 2.87887187e-03 3.12148842e-04 8.98827243e-03 -2.87789443e-03 9.99991064e-01 -3.09737965e-03 2.37439061e-02 -3.21062450e-04 3.09646908e-03 9.99995220e-01 -9.78816843e-01 0.00000000e+00 0.00000000e+00 0.00000000e+00 1.00000000e+00
9.99999177e-01 1.26728438e-03 2.85642222e-04 1.00719638e-02 -1.26703850e-03 9.99998813e-01 -8.59987378e-04 2.34399337e-02 -2.86736752e-04 8.59624816e-04 9.99999524e-01 -9.72262978e-01 0.00000000e+00 0.00000000e+00 0.00000000e+00 1.00000000e+00
9.99995441e-01 3.02124352e-03 1.88300316e-04 7.35446721e-03 -3.02140879e-03 9.99995063e-01 8.82073123e-04 1.98941200e-02 -1.85625685e-04 -8.82637716e-04 9.99999659e-01 -9.65194502e-01 0.00000000e+00 0.00000000e+00 0.00000000e+00 1.00000000e+00
9.99994263e-01 3.33381507e-03 5.56044742e-04 2.80824778e-03 -3.33480016e-03 9.99992788e-01 1.77889126e-03 1.78878890e-02 -5.50109331e-04 -1.78073824e-03 9.99998211e-01 -9.65680212e-01 0.00000000e+00 0.00000000e+00 0.00000000e+00 1.00000000e+00
9.99998111e-01 1.50052214e-03 1.20627851e-03 6.77714232e-03 -1.49941394e-03 9.99998492e-01 -9.18847967e-04 1.80774373e-02 -1.20765140e-03 9.17040158e-04 9.99998858e-01 -9.60815558e-01 0.00000000e+00 0.00000000e+00 0.00000000e+00 1.00000000e+00
9.99994795e-01 3.04913699e-03 1.08425362e-03 4.05577551e-03 -3.04445105e-03 9.99986172e-01 -4.29820915e-03 1.92091428e-02 -1.09735891e-03 4.29488429e-03 9.99990124e-01 -9.64134656e-01 0.00000000e+00 0.00000000e+00 0.00000000e+00 1.00000000e+00
9.99998037e-01 1.91412896e-03 4.59731103e-04 1.05273428e-02 -1.91154678e-03 9.99982743e-01 -5.55513261e-03 1.86616263e-02 -4.70354057e-04 5.55424204e-03 9.99984481e-01 -9.63795125e-01 0.00000000e+00 0.00000000e+00 0.00000000e+00 1.00000000e+00
9.99998865e-01 -1.43915685e-03 5.39615504e-04 1.54167392e-02 1.44024110e-03 9.99996895e-01 -2.01386287e-03 2.12363536e-02 -5.36706091e-04 2.01463781e-03 9.99997859e-01 -9.53976962e-01 0.00000000e+00 0.00000000e+00 0.00000000e+00 1.00000000e+00
9.99997477e-01 -1.63072562e-03 1.51980302e-03 1.01518461e-02 1.62726420e-03 9.99996098e-01 2.27673562e-03 2.20512334e-02 -1.52351549e-03 -2.27425725e-03 9.99996295e-01 -9.43323060e-01 0.00000000e+00 0.00000000e+00 0.00000000e+00 1.00000000e+00
9.99997406e-01 -1.69319597e-03 1.53727263e-03 4.39309776e-03 1.68010304e-03 9.99962588e-01 8.47831506e-03 1.54933673e-02 -1.55156848e-03 -8.47570874e-03 9.99962841e-01 -9.27191606e-01 0.00000000e+00 0.00000000e+00 0.00000000e+00 1.00000000e+00
9.99998715e-01 -1.16748435e-03 1.11821398e-03 2.97910873e-03 1.16112751e-03 9.99983262e-01 5.66865474e-03 1.45745640e-02 -1.12481670e-03 -5.66735881e-03 9.99983251e-01 -9.17436235e-01 0.00000000e+00 0.00000000e+00 0.00000000e+00 1.00000000e+00
9.99986046e-01 -5.12514318e-03 1.27364299e-03 1.30567248e-02 5.12611346e-03 9.99986607e-01 -7.59627326e-04 1.67263062e-02 -1.26973257e-03 7.66156807e-04 9.99998905e-01 -9.13566337e-01 0.00000000e+00 0.00000000e+00 0.00000000e+00 1.00000000e+00
9.99994845e-01 -3.10268030e-03 8.52418030e-04 8.24364824e-03 3.10514298e-03 9.99990969e-01 -2.90177142e-03 2.45499808e-02 -8.43414944e-04 2.90439823e-03 9.99995497e-01 -9.01241405e-01 0.00000000e+00 0.00000000e+00 0.00000000e+00 1.00000000e+00
9.99995537e-01 -2.65035499e-03 1.36088493e-03 8.77384136e-03 2.65272038e-03 9.99994936e-01 -1.74263624e-03 2.55736390e-02 -1.35624572e-03 1.74624128e-03 9.99997520e-01 -8.85548440e-01 0.00000000e+00 0.00000000e+00 0.00000000e+00 1.00000000e+00
9.99999234e-01 -1.51938257e-04 1.23468090e-03 5.64643133e-03 1.50842673e-04 9.99999623e-01 8.89972794e-04 2.01225556e-02 -1.23482266e-03 -8.89788638e-04 9.99998881e-01 -8.71549783e-01 0.00000000e+00 0.00000000e+00 0.00000000e+00 1.00000000e+00
9.99997622e-01 -1.43261211e-03 1.63477126e-03 7.94606421e-03 1.43404768e-03 9.99998596e-01 -8.72915785e-04 2.01506041e-02 -1.63351302e-03 8.75260416e-04 9.99998294e-01 -8.57811481e-01 0.00000000e+00 0.00000000e+00 0.00000000e+00 1.00000000e+00
9.99998052e-01 -1.30584268e-03 1.48930538e-03 6.89657000e-03 1.30678490e-03 9.99998978e-01 -6.38948191e-04 2.26490592e-02 -1.48847644e-03 6.40892566e-04 9.99998598e-01 -8.45823778e-01 0.00000000e+00 0.00000000e+00 0.00000000e+00 1.00000000e+00
9.99998632e-01 2.90144097e-04 1.62193941e-03 4.33649214e-03 -2.88515155e-04 9.99999412e-01 -1.00010482e-03 2.17092212e-02 -1.62221835e-03 9.99636066e-04 9.99998236e-01 -8.31480086e-01 0.00000000e+00 0.00000000e+00 0.00000000e+00 1.00000000e+00
9.99998846e-01 4.56269668e-04 1.45236568e-03 3.38578781e-03 -4.55229094e-04 9.99999704e-01 -7.14277397e-04 1.97810663e-02 -1.45269543e-03 7.13614077e-04 9.99998704e-01 -8.19365718e-01 0.00000000e+00 0.00000000e+00 0.00000000e+00 1.00000000e+00
9.99996653e-01 -2.17156615e-03 1.39302144e-03 6.44036325e-03 2.17464005e-03 9.99995097e-01 -2.20883582e-03 2.13036586e-02 -1.38822694e-03 2.21185808e-03 9.99996544e-01 -8.07249424e-01 0.00000000e+00 0.00000000e+00 0.00000000e+00 1.00000000e+00
9.99998205e-01 -1.51750083e-03 1.15328669e-03 7.08650818e-03 1.52284980e-03 9.99988095e-01 -4.65467240e-03 2.21875895e-02 -1.14620328e-03 4.65642036e-03 9.99988569e-01 -7.96689219e-01 0.00000000e+00 0.00000000e+00 0.00000000e+00 1.00000000e+00
9.99995362e-01 -2.38861438e-03 1.86615096e-03 1.51593294e-03 2.39181730e-03 9.99995658e-01 -1.71786222e-03 2.77397668e-02 -1.86202851e-03 1.72231703e-03 9.99996786e-01 -7.78914370e-01 0.00000000e+00 0.00000000e+00 0.00000000e+00 1.00000000e+00
9.99993377e-01 -3.30717811e-03 1.54481378e-03 7.85819809e-03 3.30216201e-03 9.99989241e-01 3.24348528e-03 2.61957138e-02 -1.55553135e-03 -3.23836225e-03 9.99993508e-01 -7.56145073e-01 0.00000000e+00 0.00000000e+00 0.00000000e+00 1.00000000e+00
9.99998561e-01 -1.14011146e-03 1.22319598e-03 4.69936896e-03 1.13082726e-03 9.99970787e-01 7.56023574e-03 2.15667674e-02 -1.23178168e-03 -7.55883917e-03 9.99970664e-01 -7.33664356e-01 0.00000000e+00 0.00000000e+00 0.00000000e+00 1.00000000e+00
9.99998536e-01 7.12364150e-04 1.57502800e-03 3.94768109e-03 -7.21408915e-04 9.99983203e-01 5.74651814e-03 1.32188955e-02 -1.57091644e-03 -5.74764548e-03 9.99982234e-01 -7.15864281e-01 0.00000000e+00 0.00000000e+00 0.00000000e+00 1.00000000e+00
9.99999514e-01 -9.02516122e-04 3.91667352e-04 6.09834247e-03 9.01667762e-04 9.99997327e-01 2.16429227e-03 1.53128577e-02 -3.93616757e-04 -2.16394119e-03 9.99997612e-01 -6.98098226e-01 0.00000000e+00 0.00000000e+00 0.00000000e+00 1.00000000e+00
9.99997415e-01 -2.16019042e-03 7.75098204e-04 8.07154663e-03 2.16283054e-03 9.99991771e-01 -3.41041797e-03 2.22252641e-02 -7.67721609e-04 3.41208721e-03 9.99993854e-01 -6.79601428e-01 0.00000000e+00 0.00000000e+00 0.00000000e+00 1.00000000e+00
9.99998654e-01 -9.67815239e-04 1.28680462e-03 4.33380305e-03 9.72245071e-04 9.99993616e-01 -3.45373947e-03 2.96207221e-02 -1.28345150e-03 3.45498607e-03 9.99993248e-01 -6.59159193e-01 0.00000000e+00 0.00000000e+00 0.00000000e+00 1.00000000e+00
9.99994936e-01 2.89328689e-03 1.34548548e-03 -1.53909443e-03 -2.89753674e-03 9.99990728e-01 3.17267465e-03 2.27360235e-02 -1.33629590e-03 -3.17656496e-03 9.99994018e-01 -6.33513058e-01 0.00000000e+00 0.00000000e+00 0.00000000e+00 1.00000000e+00
9.99972058e-01 7.47517970e-03 9.52667503e-05 -8.28953549e-03 -7.47556478e-03 9.99960057e-01 4.90994827e-03 1.79814863e-02 -5.85648184e-05 -4.91051269e-03 9.99987936e-01 -6.13888040e-01 0.00000000e+00 0.00000000e+00 0.00000000e+00 1.00000000e+00
9.99991248e-01 4.11199850e-03 -7.73943837e-04 -3.86389299e-03 -4.10747736e-03 9.99975011e-01 5.74009951e-03 1.74042915e-02 7.97534459e-04 -5.73686857e-03 9.99983291e-01 -5.96492859e-01 0.00000000e+00 0.00000000e+00 0.00000000e+00 1.00000000e+00
9.99994078e-01 -1.71997060e-03 -2.96430921e-03 3.99037730e-03 1.72148290e-03 9.99998413e-01 5.11022605e-04 1.55039902e-02 2.96342898e-03 -5.16123644e-04 9.99995468e-01 -5.84195608e-01 0.00000000e+00 0.00000000e+00 0.00000000e+00 1.00000000e+00
9.99978044e-01 -5.35578132e-03 -3.91920302e-03 7.63247611e-03 5.34313311e-03 9.99980525e-01 -3.23282322e-03 1.80308248e-02 3.93643118e-03 3.21180967e-03 9.99987068e-01 -5.72259895e-01 0.00000000e+00 0.00000000e+00 0.00000000e+00 1.00000000e+00
9.99988916e-01 1.29879938e-03 -4.50872008e-03 -1.20564326e-03 -1.31294246e-03 9.99994214e-01 -3.13289727e-03 1.63658466e-02 4.50463803e-03 3.13878498e-03 9.99984934e-01 -5.56779732e-01 0.00000000e+00 0.00000000e+00 0.00000000e+00 1.00000000e+00
9.99974811e-01 4.77020674e-03 -5.26269380e-03 -1.24253395e-02 -4.79109268e-03 9.99980643e-01 -3.96376297e-03 1.97962823e-02 5.24366762e-03 3.98887778e-03 9.99978265e-01 -5.43577459e-01 0.00000000e+00 0.00000000e+00 0.00000000e+00 1.00000000e+00
9.99959311e-01 4.56860780e-03 -7.78101792e-03 -9.73903300e-03 -4.60297879e-03 9.99979733e-01 -4.40523318e-03 2.25727798e-02 7.76074682e-03 4.44086510e-03 9.99960054e-01 -5.31411543e-01 0.00000000e+00 0.00000000e+00 0.00000000e+00 1.00000000e+00
9.99941185e-01 -2.83877264e-03 -1.04693417e-02 -1.86910366e-03 2.84596909e-03 9.99995750e-01 6.72886758e-04 1.80359416e-02 1.04673809e-02 -7.02642477e-04 9.99944946e-01 -5.12321754e-01 0.00000000e+00 0.00000000e+00 0.00000000e+00 1.00000000e+00
9.99873405e-01 -5.57797732e-03 -1.48988172e-02 8.10851498e-03 5.58228658e-03 9.99984334e-01 2.46811542e-04 1.65345259e-02 1.48972043e-02 -3.29954392e-04 9.99888954e-01 -5.01685587e-01 0.00000000e+00 0.00000000e+00 0.00000000e+00 1.00000000e+00
9.99827923e-01 -5.11026570e-03 -1.78322932e-02 3.99929596e-03 5.09709441e-03 9.99986733e-01 -7.83431949e-04 1.54831932e-02 1.78360679e-02 6.92405725e-04 9.99840727e-01 -4.87834858e-01 0.00000000e+00 0.00000000e+00 0.00000000e+00 1.00000000e+00
9.99766506e-01 1.43450406e-03 -2.15609560e-02 -1.11861266e-02 -1.44902566e-03 9.99998722e-01 -6.58105342e-04 1.28319208e-02 2.15599824e-02 6.89197052e-04 9.99767308e-01 -4.74331052e-01 0.00000000e+00 0.00000000e+00 0.00000000e+00 1.00000000e+00
9.99671813e-01 3.71067718e-03 -2.53483708e-02 -1.68486464e-02 -3.74108176e-03 9.99992332e-01 -1.15216514e-03 1.49413066e-02 2.53439020e-02 1.24661720e-03 9.99677990e-01 -4.59727762e-01 0.00000000e+00 0.00000000e+00 0.00000000e+00 1.00000000e+00
9.99579423e-01 1.36489425e-03 -2.89659514e-02 -1.84003157e-02 -1.41677219e-03 9.99997455e-01 -1.77056924e-03 1.48648189e-02 2.89634579e-02 1.81086233e-03 9.99578875e-01 -4.54416055e-01 0.00000000e+00 0.00000000e+00 0.00000000e+00 1.00000000e+00
9.99470965e-01 3.68088591e-04 -3.25228018e-02 -1.81079208e-02 -4.25417908e-04 9.99998322e-01 -1.75575066e-03 1.45549831e-02 3.25221046e-02 1.76865701e-03 9.99469423e-01 -4.49574984e-01 0.00000000e+00 0.00000000e+00 0.00000000e+00 1.00000000e+00
9.99334551e-01 1.74868209e-04 -3.64737760e-02 -2.15898230e-02 -2.13355491e-04 9.99999454e-01 -1.05111714e-03 1.32651165e-02 3.64735228e-02 1.05819974e-03 9.99334052e-01 -4.36988099e-01 0.00000000e+00 0.00000000e+00 0.00000000e+00 1.00000000e+00
9.99151299e-01 -3.73700623e-05 -4.11922659e-02 -2.25790470e-02 2.89449938e-05 1.00000000e+00 -2.05225234e-04 1.11853060e-02 4.11923594e-02 2.03858770e-04 9.99151213e-01 -4.37982538e-01 0.00000000e+00 0.00000000e+00 0.00000000e+00 1.00000000e+00
9.98986593e-01 3.66805518e-04 -4.50066278e-02 -2.74885821e-02 -3.81635272e-04 9.99999854e-01 -3.21034749e-04 1.30288758e-02 4.50065426e-02 3.37887750e-04 9.98986679e-01 -4.30802604e-01 0.00000000e+00 0.00000000e+00 0.00000000e+00 1.00000000e+00
9.98810722e-01 -1.62114723e-03 -4.87300882e-02 -3.15449103e-02 1.68149826e-03 9.99997887e-01 1.19746716e-03 1.55879168e-02 4.87280135e-02 -1.27798232e-03 9.98811288e-01 -4.11647522e-01 0.00000000e+00 0.00000000e+00 0.00000000e+00 1.00000000e+00
9.98540123e-01 -2.63707198e-05 -5.40145759e-02 -3.52474637e-02 1.46248701e-04 9.99997574e-01 2.21555154e-03 1.35026898e-02 5.40143852e-02 -2.22021506e-03 9.98537616e-01 -4.14928886e-01 0.00000000e+00 0.00000000e+00 0.00000000e+00 1.00000000e+00
9.98346272e-01 6.28855037e-04 -5.74832646e-02 -4.23950926e-02 -5.48395078e-04 9.99998820e-01 1.41537906e-03 8.85578221e-03 5.74839797e-02 -1.38151662e-03 9.98345464e-01 -3.94578007e-01 0.00000000e+00 0.00000000e+00 0.00000000e+00 1.00000000e+00
9.98161812e-01 1.09063386e-04 -6.06047523e-02 -4.20218998e-02 -3.18602002e-05 9.99999132e-01 1.27495896e-03 4.94938624e-03 6.06048777e-02 -1.27068076e-03 9.98161119e-01 -4.00993161e-01 0.00000000e+00 0.00000000e+00 0.00000000e+00 1.00000000e+00
9.98014139e-01 7.52436138e-04 -6.29854585e-02 -4.39515471e-02 -6.50218161e-04 9.99998466e-01 1.64333320e-03 4.11072274e-03 6.29866401e-02 -1.59912016e-03 9.98013068e-01 -3.94400678e-01 0.00000000e+00 0.00000000e+00 0.00000000e+00 1.00000000e+00
9.97919032e-01 3.11253271e-03 -6.44043087e-02 -5.75379434e-02 -3.01572865e-03 9.99994204e-01 1.60027251e-03 4.93917707e-03 6.44088558e-02 -1.40271524e-03 9.97922534e-01 -3.74158584e-01 0.00000000e+00 0.00000000e+00 0.00000000e+00 1.00000000e+00
9.97936147e-01 1.13398549e-03 -6.42047915e-02 -4.78437761e-02 -1.10011307e-03 9.99999208e-01 5.62835621e-04 9.22370873e-03 6.42054656e-02 -4.91039160e-04 9.97936618e-01 -3.84209508e-01 0.00000000e+00 0.00000000e+00 0.00000000e+00 1.00000000e+00
9.97970089e-01 1.13092996e-03 -6.36737418e-02 -5.59794616e-02 -1.22790570e-03 9.99998131e-01 -1.48384452e-03 8.19167935e-03 6.36719583e-02 1.55902291e-03 9.97969716e-01 -3.69267296e-01 0.00000000e+00 0.00000000e+00 0.00000000e+00 1.00000000e+00
9.98008496e-01 -1.35058665e-03 -6.30657880e-02 -4.74638988e-02 1.18763600e-03 9.99995869e-01 -2.62116727e-03 4.88231368e-03 6.30689736e-02 2.54104022e-03 9.98005905e-01 -3.85227487e-01 0.00000000e+00 0.00000000e+00 0.00000000e+00 1.00000000e+00
9.98070968e-01 8.48948041e-04 -6.20776078e-02 -4.83866483e-02 -9.14266293e-04 9.99999058e-01 -1.02391062e-03 4.11784344e-03 6.20767470e-02 1.07869397e-03 9.98070768e-01 -3.80458967e-01 0.00000000e+00 0.00000000e+00 0.00000000e+00 1.00000000e+00
9.98150768e-01 3.23135305e-03 -6.07006195e-02 -6.45715202e-02 -3.17355208e-03 9.99994427e-01 1.04862064e-03 3.11080764e-03 6.07037060e-02 -8.54042055e-04 9.98155471e-01 -3.70438462e-01 0.00000000e+00 0.00000000e+00 0.00000000e+00 1.00000000e+00
9.98301868e-01 6.27285637e-03 -5.79146843e-02 -5.51459937e-02 -6.22265759e-03 9.99980057e-01 1.04698387e-03 4.93833672e-03 5.79200022e-02 -6.84829813e-04 9.98321011e-01 -3.76288403e-01 0.00000000e+00 0.00000000e+00 0.00000000e+00 1.00000000e+00
9.98459617e-01 -1.20700442e-03 -5.54683701e-02 -5.53847994e-02 1.25502239e-03 9.99998922e-01 8.30921054e-04 7.66952610e-03 5.54673881e-02 -8.99245437e-04 9.98460094e-01 -3.66758711e-01 0.00000000e+00 0.00000000e+00 0.00000000e+00 1.00000000e+00
9.98515977e-01 -4.62200328e-03 -5.42637325e-02 -3.73075692e-02 4.65208638e-03 9.99989068e-01 4.28098153e-04 4.94054148e-03 5.42611573e-02 -6.79904794e-04 9.98526547e-01 -3.78406213e-01 0.00000000e+00 0.00000000e+00 0.00000000e+00 1.00000000e+00
9.98726489e-01 -1.05206657e-03 -5.04415686e-02 -3.92067411e-02 1.12156526e-03 9.99998458e-01 1.34947846e-03 4.33270710e-03 5.04400327e-02 -1.40433114e-03 9.98726103e-01 -3.79088998e-01 0.00000000e+00 0.00000000e+00 0.00000000e+00 1.00000000e+00
9.98913961e-01 6.11945857e-03 -4.61887737e-02 -5.45375033e-02 -6.07687586e-03 9.99981017e-01 1.06230072e-03 2.44812999e-03 4.61944669e-02 -7.80466016e-04 9.98932198e-01 -3.72500036e-01 0.00000000e+00 0.00000000e+00 0.00000000e+00 1.00000000e+00
9.99006557e-01 1.53938885e-02 -4.18218759e-02 -5.84663802e-02 -1.54884485e-02 9.99878159e-01 -1.93794249e-03 4.66411641e-04 4.17869566e-02 2.58376635e-03 9.99123128e-01 -3.83989024e-01 0.00000000e+00 0.00000000e+00 0.00000000e+00 1.00000000e+00
9.99298961e-01 5.39334647e-03 -3.70462223e-02 -4.46250862e-02 -5.46266213e-03 9.99983521e-01 -1.76984854e-03 3.44501454e-03 3.70360010e-02 1.97098743e-03 9.99312044e-01 -3.82994276e-01 0.00000000e+00 0.00000000e+00 0.00000000e+00 1.00000000e+00
9.99413818e-01 -1.89743189e-03 -3.41815600e-02 -2.91521380e-02 1.99510024e-03 9.99993974e-01 2.82346503e-03 6.31019969e-03 3.41760072e-02 -2.89000968e-03 9.99411613e-01 -3.84539407e-01 0.00000000e+00 0.00000000e+00 0.00000000e+00 1.00000000e+00
9.99422163e-01 -1.15967112e-02 -3.19510623e-02 -7.98322209e-03 1.17394107e-02 9.99921952e-01 4.28205943e-03 1.21418312e-02 3.18988944e-02 -4.65466643e-03 9.99480302e-01 -3.88316115e-01 0.00000000e+00 0.00000000e+00 0.00000000e+00 1.00000000e+00
9.99555390e-01 -5.93432941e-03 -2.92182980e-02 -1.47965087e-02 6.02257315e-03 9.99977587e-01 2.93277831e-03 1.37026378e-02 2.92002626e-02 -3.10744801e-03 9.99568747e-01 -3.93143523e-01 0.00000000e+00 0.00000000e+00 0.00000000e+00 1.00000000e+00
9.99660939e-01 8.61965651e-04 -2.60254983e-02 -2.64386540e-02 -8.06308347e-04 9.99997321e-01 2.14886528e-03 8.41672410e-03 2.60273323e-02 -2.12715071e-03 9.99658929e-01 -4.03222678e-01 0.00000000e+00 0.00000000e+00 0.00000000e+00 1.00000000e+00
9.99697503e-01 6.18477697e-03 -2.38056656e-02 -3.27819870e-02 -6.13574937e-03 9.99978893e-01 2.13249142e-03 4.00442702e-03 2.38183140e-02 -1.98578881e-03 9.99714348e-01 -4.10029339e-01 0.00000000e+00 0.00000000e+00 0.00000000e+00 1.00000000e+00
9.99759667e-01 8.41388880e-03 -2.02433041e-02 -3.71753009e-02 -8.25705065e-03 9.99935340e-01 7.81901635e-03 -1.29504529e-02 2.03078002e-02 -7.64997622e-03 9.99764539e-01 -4.22325763e-01 0.00000000e+00 0.00000000e+00 0.00000000e+00 1.00000000e+00
9.99804446e-01 2.04040177e-03 -1.96690559e-02 -2.53865103e-02 -1.87379967e-03 9.99962215e-01 8.48496414e-03 -1.38627101e-02 1.96856345e-02 -8.44645591e-03 9.99770494e-01 -4.28604836e-01 0.00000000e+00 0.00000000e+00 0.00000000e+00 1.00000000e+00
9.99838525e-01 -2.94477024e-03 -1.77303421e-02 -1.40049093e-02 2.96017587e-03 9.99995289e-01 8.42244793e-04 -2.22397943e-03 1.77277502e-02 -8.94580192e-04 9.99842451e-01 -4.50157382e-01 0.00000000e+00 0.00000000e+00 0.00000000e+00 1.00000000e+00
9.99874590e-01 -3.10335956e-03 -1.55252611e-02 -1.39916603e-02 3.01908164e-03 9.99980624e-01 -5.44896242e-03 8.67336150e-03 1.55419325e-02 5.40140124e-03 9.99864642e-01 -4.68125579e-01 0.00000000e+00 0.00000000e+00 0.00000000e+00 1.00000000e+00
9.99891254e-01 -1.62488826e-04 -1.47491201e-02 -2.08915018e-02 1.07426612e-04 9.99992985e-01 -3.73342581e-03 1.03995493e-02 1.47496257e-02 3.73143693e-03 9.99884208e-01 -4.74922912e-01 0.00000000e+00 0.00000000e+00 0.00000000e+00 1.00000000e+00
9.99906229e-01 2.15121602e-03 -1.35271883e-02 -2.40053721e-02 -2.17896624e-03 9.99995576e-01 -2.03738846e-03 8.67812926e-03 1.35227011e-02 2.06667078e-03 9.99906421e-01 -4.87182707e-01 0.00000000e+00 0.00000000e+00 0.00000000e+00 1.00000000e+00
9.99921341e-01 3.73425440e-03 -1.19660046e-02 -2.67247541e-02 -3.74241227e-03 9.99992755e-01 -6.58893329e-04 5.54298303e-03 1.19634384e-02 7.03618004e-04 9.99928226e-01 -4.97492428e-01 0.00000000e+00 0.00000000e+00 0.00000000e+00 1.00000000e+00
9.99940785e-01 3.19343136e-03 -1.04064050e-02 -2.51164967e-02 -3.18411092e-03 9.99994540e-01 9.11799956e-04 6.13664242e-03 1.04092571e-02 -8.78607871e-04 9.99945415e-01 -5.14462096e-01 0.00000000e+00 0.00000000e+00 0.00000000e+00 1.00000000e+00
9.99961892e-01 2.09260982e-03 -8.47295419e-03 -2.23203312e-02 -2.08587665e-03 9.99997532e-01 8.03261243e-04 6.41202695e-03 8.47461951e-03 -7.85562817e-04 9.99963844e-01 -5.30130182e-01 0.00000000e+00 0.00000000e+00 0.00000000e+00 1.00000000e+00
9.99980333e-01 1.69236257e-03 -6.05094144e-03 -2.10290962e-02 -1.69028458e-03 9.99998453e-01 3.49422879e-04 4.96220154e-03 6.05152023e-03 -3.39179908e-04 9.99981614e-01 -5.45844409e-01 0.00000000e+00 0.00000000e+00 0.00000000e+00 1.00000000e+00
9.99982091e-01 1.40252115e-03 -5.81910425e-03 -1.87629204e-02 -1.39527761e-03 9.99998243e-01 1.24838204e-03 2.08039325e-03 5.82083015e-03 -1.24023673e-03 9.99982250e-01 -5.63851150e-01 0.00000000e+00 0.00000000e+00 0.00000000e+00 1.00000000e+00
9.99980018e-01 3.03150223e-04 -6.30379808e-03 -1.68995021e-02 -2.96911272e-04 9.99999506e-01 9.89686385e-04 2.34408706e-04 6.30410402e-03 -9.87797431e-04 9.99979677e-01 -5.84023484e-01 0.00000000e+00 0.00000000e+00 0.00000000e+00 1.00000000e+00
9.99986134e-01 2.35375291e-03 -4.70679824e-03 -1.75270728e-02 -2.35328061e-03 9.99997224e-01 1.05084413e-04 2.46775720e-03 4.70703296e-03 -9.40126714e-05 9.99988879e-01 -6.03090211e-01 0.00000000e+00 0.00000000e+00 0.00000000e+00 1.00000000e+00
9.99992626e-01 1.64437347e-03 -3.48829270e-03 -2.38899753e-02 -1.64477285e-03 9.99998601e-01 -1.08701060e-04 1.81243806e-03 3.48811061e-03 1.14437717e-04 9.99993910e-01 -6.19094288e-01 0.00000000e+00 0.00000000e+00 0.00000000e+00 1.00000000e+00
9.99993311e-01 1.02577822e-03 -3.49543851e-03 -1.99542080e-02 -1.02692240e-03 9.99999465e-01 -3.28016985e-04 3.36579186e-03 3.49509597e-03 3.31608602e-04 9.99993845e-01 -6.39543893e-01 0.00000000e+00 0.00000000e+00 0.00000000e+00 1.00000000e+00
9.99993708e-01 1.46934084e-03 -3.22428474e-03 -2.44895585e-02 -1.47110899e-03 9.99998749e-01 -5.45774922e-04 3.11142195e-03 3.22347873e-03 5.50508491e-04 9.99994630e-01 -6.54570916e-01 0.00000000e+00 0.00000000e+00 0.00000000e+00 1.00000000e+00
9.99988412e-01 4.64141077e-03 -1.33399504e-03 -2.53559134e-02 -4.64163707e-03 9.99989244e-01 -1.59925688e-04 3.18292002e-03 1.33323634e-03 1.66113914e-04 9.99999096e-01 -6.73536532e-01 0.00000000e+00 0.00000000e+00 0.00000000e+00 1.00000000e+00
9.99991986e-01 3.99170407e-03 1.15346378e-04 -2.91920283e-02 -3.99167393e-03 9.99992036e-01 -1.97963150e-04 2.24671147e-03 -1.16123540e-04 1.97507516e-04 1.00000003e+00 -6.85822924e-01 0.00000000e+00 0.00000000e+00 0.00000000e+00 1.00000000e+00
9.99996593e-01 1.89151571e-03 1.79454650e-03 -2.28733620e-02 -1.89135756e-03 9.99998196e-01 -9.05445984e-05 3.12110345e-03 -1.79471931e-03 8.71480140e-05 9.99998413e-01 -7.07172919e-01 0.00000000e+00 0.00000000e+00 0.00000000e+00 1.00000000e+00
9.99991819e-01 2.48721740e-03 3.18274575e-03 -2.14926277e-02 -2.48830252e-03 9.99996849e-01 3.37704622e-04 3.84208356e-03 -3.18189766e-03 -3.45624390e-04 9.99994827e-01 -7.23139278e-01 0.00000000e+00 0.00000000e+00 0.00000000e+00 1.00000000e+00
9.99992757e-01 8.56901164e-04 3.72699615e-03 -2.26268916e-02 -8.56496178e-04 9.99999626e-01 -1.12275616e-04 4.21775230e-03 -3.72709332e-03 1.09089137e-04 9.99993058e-01 -7.38993165e-01 0.00000000e+00 0.00000000e+00 0.00000000e+00 1.00000000e+00
9.99991842e-01 1.50156937e-03 3.75374409e-03 -1.59632980e-02 -1.49476280e-03 9.99997243e-01 -1.81389028e-03 9.21657024e-03 -3.75646111e-03 1.80825882e-03 9.99991274e-01 -7.59223488e-01 0.00000000e+00 0.00000000e+00 0.00000000e+00 1.00000000e+00
9.99992558e-01 4.20228956e-07 3.85772012e-03 -1.45536415e-02 5.40145428e-06 9.99998832e-01 -1.51272396e-03 1.06082067e-02 -3.85771204e-03 1.51273897e-03 9.99991487e-01 -7.71854176e-01 0.00000000e+00 0.00000000e+00 0.00000000e+00 1.00000000e+00
9.99988326e-01 -2.69255984e-03 3.99217651e-03 -9.62678430e-03 2.70186318e-03 9.99993630e-01 -2.32518205e-03 9.84190917e-03 -3.98588124e-03 2.33593991e-03 9.99989337e-01 -7.88052422e-01 0.00000000e+00 0.00000000e+00 0.00000000e+00 1.00000000e+00
9.99991629e-01 -9.63051209e-04 3.98194458e-03 -1.12004322e-02 9.67697120e-04 9.99998878e-01 -1.16334545e-03 9.92098417e-03 -3.98082221e-03 1.16718855e-03 9.99991334e-01 -7.95416223e-01 0.00000000e+00 0.00000000e+00 0.00000000e+00 1.00000000e+00
9.99988977e-01 -2.45376996e-03 4.01672094e-03 -9.18315480e-03 2.45111291e-03 9.99996757e-01 6.66475680e-04 1.17334056e-02 -4.01834868e-03 -6.56616845e-04 9.99991757e-01 -8.03396662e-01 0.00000000e+00 0.00000000e+00 0.00000000e+00 1.00000000e+00
9.99992213e-01 -2.01803923e-03 3.37460110e-03 -8.30506053e-03 2.00711261e-03 9.99992710e-01 3.23639855e-03 1.26511722e-02 -3.38110289e-03 -3.22960864e-03 9.99989086e-01 -8.05401798e-01 0.00000000e+00 0.00000000e+00 0.00000000e+00 1.00000000e+00
9.99983596e-01 -5.58129438e-03 1.33628342e-03 -4.59076068e-03 5.57336218e-03 9.99967244e-01 5.87172668e-03 8.53613475e-03 -1.36902119e-03 -5.86418478e-03 9.99981808e-01 -8.10627527e-01 0.00000000e+00 0.00000000e+00 0.00000000e+00 1.00000000e+00
9.99996506e-01 -2.62346241e-03 -3.24689009e-04 -9.92674474e-03 2.62437725e-03 9.99992460e-01 2.87550843e-03 5.49073288e-03 3.17141288e-04 -2.87634100e-03 9.99995805e-01 -8.15740142e-01 0.00000000e+00 0.00000000e+00 0.00000000e+00 1.00000000e+00
9.99997016e-01 -2.42876457e-03 8.51551569e-05 -9.63833863e-03 2.42877484e-03 9.99996990e-01 -9.73300463e-05 1.34191043e-02 -8.49220034e-05 9.75318074e-05 1.00000002e+00 -8.19796539e-01 0.00000000e+00 0.00000000e+00 0.00000000e+00 1.00000000e+00
9.99996043e-01 -2.82125804e-03 -1.68337753e-04 -8.78238554e-03 2.82076825e-03 9.99992001e-01 -2.84649757e-03 1.83303312e-02 1.76375335e-04 2.84601110e-03 9.99995949e-01 -8.20219469e-01 0.00000000e+00 0.00000000e+00 0.00000000e+00 1.00000000e+00
9.99999534e-01 8.85749717e-04 -1.70584503e-04 -1.39346802e-02 -8.85839457e-04 9.99999443e-01 -5.45998769e-04 1.67992402e-02 1.70096282e-04 5.46143316e-04 9.99999775e-01 -8.18853452e-01 0.00000000e+00 0.00000000e+00 0.00000000e+00 1.00000000e+00
9.99997373e-01 -2.28763584e-03 1.60561418e-04 -1.30348833e-02 2.28783732e-03 9.99996570e-01 -1.28494659e-03 1.85354260e-02 -1.57615657e-04 1.28531121e-03 9.99999186e-01 -8.19116166e-01 0.00000000e+00 0.00000000e+00 0.00000000e+00 1.00000000e+00
9.99998503e-01 -1.70272884e-03 -3.35421164e-04 -1.49470334e-02 1.70270483e-03 9.99998559e-01 -8.44980472e-05 2.19975627e-02 3.35562454e-04 8.39328347e-05 9.99999921e-01 -8.16992250e-01 0.00000000e+00 0.00000000e+00 0.00000000e+00 1.00000000e+00
9.99996795e-01 -2.53167716e-03 8.12793447e-05 -1.08932366e-02 2.53162366e-03 9.99996587e-01 6.67777641e-04 1.78032168e-02 -8.29662935e-05 -6.67571018e-04 9.99999866e-01 -8.13868463e-01 0.00000000e+00 0.00000000e+00 0.00000000e+00 1.00000000e+00
9.99994588e-01 -3.02425423e-03 -1.31864038e-03 -1.09450936e-02 3.02563151e-03 9.99994828e-01 1.04438976e-03 1.64602297e-02 1.31546601e-03 -1.04837224e-03 9.99998492e-01 -8.12466372e-01 0.00000000e+00 0.00000000e+00 0.00000000e+00 1.00000000e+00
9.99991874e-01 -2.93034207e-03 -2.74810173e-03 -9.05031078e-03 2.93001316e-03 9.99995699e-01 -1.20740712e-04 1.67587923e-02 2.74844848e-03 1.12684693e-04 9.99996216e-01 -8.13339539e-01 0.00000000e+00 0.00000000e+00 0.00000000e+00 1.00000000e+00
9.99988527e-01 -2.71745976e-03 -3.94730180e-03 -1.06697220e-02 2.71156855e-03 9.99995246e-01 -1.49872693e-03 1.80485850e-02 3.95135092e-03 1.48800717e-03 9.99991097e-01 -8.11565676e-01 0.00000000e+00 0.00000000e+00 0.00000000e+00 1.00000000e+00
9.99985212e-01 -2.19883546e-03 -4.97490941e-03 -1.00096839e-02 2.18568340e-03 9.99994126e-01 -2.64934720e-03 2.10910871e-02 4.98071725e-03 2.63842976e-03 9.99984159e-01 -8.13428837e-01 0.00000000e+00 0.00000000e+00 0.00000000e+00 1.00000000e+00
