9.99049804e-01 1.76042234e-03 -4.35476051e-02 -7.87571102e-03 -1.64978074e-03 9.99995340e-01 2.57652933e-03 2.17553602e-02 4.35519334e-02 -2.50223671e-03 9.99047961e-01 -1.00207800e+00 0.00000000e+00 0.00000000e+00 0.00000000e+00 1.00000000e+00
9.98971653e-01 4.13866060e-03 -4.51478851e-02 -6.23554437e-03 -3.92849167e-03 9.99981089e-01 4.74283465e-03 1.93278318e-02 4.51666568e-02 -4.56059392e-03 9.98969042e-01 -9.99590113e-01 0.00000000e+00 0.00000000e+00 0.00000000e+00 1.00000000e+00
9.98946274e-01 1.12405098e-03 -4.58809525e-02 -6.97028698e-03 -9.19549661e-04 9.99989514e-01 4.47810212e-03 1.74247854e-02 4.58855704e-02 -4.43119091e-03 9.98936869e-01 -1.00130687e+00 0.00000000e+00 0.00000000e+00 0.00000000e+00 1.00000000e+00
9.98917256e-01 -1.78475163e-03 -4.64899286e-02 1.29687494e-03 1.92891266e-03 9.99993495e-01 3.05620421e-03 1.74335750e-02 4.64842013e-02 -3.14257071e-03 9.98914146e-01 -9.93541785e-01 0.00000000e+00 0.00000000e+00 0.00000000e+00 1.00000000e+00
9.98890352e-01 2.66694046e-03 -4.70202331e-02 -5.55141751e-03 -2.66623680e-03 9.99996446e-01 7.77062699e-05 2.01029817e-02 4.70201918e-02 4.77477459e-05 9.98893913e-01 -9.98341916e-01 0.00000000e+00 0.00000000e+00 0.00000000e+00 1.00000000e+00
9.98909974e-01 1.53129270e-03 -4.66527282e-02 -5.10619299e-03 -1.48172091e-03 9.99998267e-01 1.09718653e-03 2.23926011e-02 4.66543339e-02 -1.02686949e-03 9.98910561e-01 -9.92130698e-01 0.00000000e+00 0.00000000e+00 0.00000000e+00 1.00000000e+00
9.98928406e-01 3.59716397e-03 -4.61426433e-02 -3.72216459e-03 -3.43419598e-03 9.99987585e-01 3.61059270e-03 2.14586590e-02 4.61550139e-02 -3.44825254e-03 9.98928336e-01 -9.90982600e-01 0.00000000e+00 0.00000000e+00 0.00000000e+00 1.00000000e+00
9.98977645e-01 4.17953075e-03 -4.50125278e-02 -1.01429817e-02 -4.05493459e-03 9.99987640e-01 2.85895191e-03 1.77324057e-02 4.50239516e-02 -2.67350165e-03 9.98982348e-01 -9.87478254e-01 0.00000000e+00 0.00000000e+00 0.00000000e+00 1.00000000e+00
9.98945421e-01 1.23107907e-04 -4.59149303e-02 -3.86082969e-03 -6.94018051e-05 9.99999365e-01 1.17140300e-03 1.84058578e-02 4.59149890e-02 -1.16697972e-03 9.98944680e-01 -9.87162592e-01 0.00000000e+00 0.00000000e+00 0.00000000e+00 1.00000000e+00
9.98916618e-01 7.74073196e-04 -4.65280366e-02 -2.20304624e-03 -7.83698737e-04 9.99999703e-01 -1.88955221e-04 2.14103094e-02 4.65279283e-02 2.25203882e-04 9.98916999e-01 -9.84628027e-01 0.00000000e+00 0.00000000e+00 0.00000000e+00 1.00000000e+00
9.98871341e-01 2.36096439e-04 -4.74987073e-02 -1.71045488e-03 -2.58394628e-04 9.99999854e-01 -4.62997642e-04 2.28799230e-02 4.74986275e-02 4.74754647e-04 9.98871118e-01 -9.81405723e-01 0.00000000e+00 0.00000000e+00 0.00000000e+00 1.00000000e+00
9.98859735e-01 -5.01013475e-05 -4.77411386e-02 -1.48558139e-03 4.91425485e-05 9.99999946e-01 -2.12687685e-05 2.41393763e-02 4.77411496e-02 1.88852673e-05 9.98859730e-01 -9.79417596e-01 0.00000000e+00 0.00000000e+00 0.00000000e+00 1.00000000e+00
9.98881860e-01 1.10242415e-03 -4.72622258e-02 -1.60885055e-03 -1.06946213e-03 9.99999210e-01 7.22522231e-04 2.12266999e-02 4.72629798e-02 -6.71162698e-04 9.98882223e-01 -9.75906388e-01 0.00000000e+00 0.00000000e+00 0.00000000e+00 1.00000000e+00
9.98891285e-01 3.64596193e-03 -4.69346870e-02 -7.75515657e-03 -3.58567508e-03 9.99992580e-01 1.36859613e-03 2.12114637e-02 4.69393146e-02 -1.19878263e-03 9.98897051e-01 -9.74329297e-01 0.00000000e+00 0.00000000e+00 0.00000000e+00 1.00000000e+00
9.98922386e-01 -3.06722094e-05 -4.64130418e-02 -2.13332912e-03 1.07883816e-04 9.99998676e-01 1.66113454e-03 2.05047028e-02 4.64129753e-02 -1.66435727e-03 9.98920964e-01 -9.66639351e-01 0.00000000e+00 0.00000000e+00 0.00000000e+00 1.00000000e+00
9.98903670e-01 4.67307038e-03 -4.65799105e-02 -9.84738393e-03 -4.65188646e-03 9.99988942e-01 5.63457865e-04 1.99576114e-02 4.65819783e-02 -3.46146431e-04 9.98914395e-01 -9.68196686e-01 0.00000000e+00 0.00000000e+00 0.00000000e+00 1.00000000e+00
9.98914618e-01 5.24955212e-04 -4.65748072e-02 -6.98449252e-03 -4.86657587e-04 9.99999614e-01 8.33482413e-04 1.96276497e-02 4.65751705e-02 -8.09903391e-04 9.98914513e-01 -9.64857948e-01 0.00000000e+00 0.00000000e+00 0.00000000e+00 1.00000000e+00
9.98869260e-01 -3.69964617e-04 -4.75386408e-02 -1.15763717e-03 4.36434624e-04 9.99998956e-01 1.38776910e-03 1.98134714e-02 4.75381584e-02 -1.40696003e-03 9.98868413e-01 -9.60453830e-01 0.00000000e+00 0.00000000e+00 0.00000000e+00 1.00000000e+00
9.98888254e-01 4.57857313e-03 -4.69183912e-02 -8.22841824e-03 -4.45890316e-03 9.99986452e-01 2.65502797e-03 1.53125902e-02 4.69298014e-02 -2.44286953e-03 9.98895177e-01 -9.55868592e-01 0.00000000e+00 0.00000000e+00 0.00000000e+00 1.00000000e+00
9.98914068e-01 2.23541796e-04 -4.65904802e-02 -3.28121641e-03 -1.26726552e-04 9.99997874e-01 2.08113035e-03 1.69686413e-02 4.65909966e-02 -2.07296136e-03 9.98911916e-01 -9.52580237e-01 0.00000000e+00 0.00000000e+00 0.00000000e+00 1.00000000e+00
9.98925757e-01 2.32637376e-03 -4.62806951e-02 -7.62895140e-03 -2.21114393e-03 9.99994294e-01 2.54068773e-03 1.64572414e-02 4.62862846e-02 -2.43563134e-03 9.98925215e-01 -9.51811676e-01 0.00000000e+00 0.00000000e+00 0.00000000e+00 1.00000000e+00
9.98920234e-01 5.21640599e-03 -4.61655827e-02 -1.03915784e-02 -4.98501168e-03 9.99974461e-01 5.12612065e-03 1.25815429e-02 4.61910957e-02 -4.89044818e-03 9.98920673e-01 -9.52670440e-01 0.00000000e+00 0.00000000e+00 0.00000000e+00 1.00000000e+00
9.98965752e-01 1.00897922e-03 -4.54566229e-02 -6.93830319e-03 -9.30177513e-04 9.99998073e-01 1.75446180e-03 9.90393915e-03 4.54582900e-02 -1.71035814e-03 9.98964823e-01 -9.52436642e-01 0.00000000e+00 0.00000000e+00 0.00000000e+00 1.00000000e+00
9.99042338e-01 4.36636559e-03 -4.35357447e-02 -9.64017199e-03 -4.35027169e-03 9.99990347e-01 4.64561911e-04 1.39379929e-02 4.35374525e-02 -2.74720166e-04 9.99051664e-01 -9.60423605e-01 0.00000000e+00 0.00000000e+00 0.00000000e+00 1.00000000e+00
9.99142264e-01 3.22300612e-03 -4.12839588e-02 -1.22374096e-02 -3.19895411e-03 9.99994671e-01 6.48503591e-04 1.63411684e-02 4.12857433e-02 -5.15881076e-04 9.99147279e-01 -9.63441334e-01 0.00000000e+00 0.00000000e+00 0.00000000e+00 1.00000000e+00
9.99247363e-01 1.79032896e-03 -3.87496515e-02 -7.00454461e-03 -1.66496765e-03 9.99993325e-01 3.26741772e-03 1.17179717e-02 3.87552087e-02 -3.20044895e-03 9.99243638e-01 -9.65015345e-01 0.00000000e+00 0.00000000e+00 0.00000000e+00 1.00000000e+00
9.99343614e-01 1.07785086e-03 -3.62106600e-02 -8.54812460e-03 -1.07605193e-03 9.99999445e-01 6.90780269e-05 1.17108786e-02 3.62107907e-02 -3.00700381e-05 9.99344193e-01 -9.76954780e-01 0.00000000e+00 0.00000000e+00 0.00000000e+00 1.00000000e+00
9.99374153e-01 1.69276588e-03 -3.53331237e-02 -5.98356168e-03 -1.76035226e-03 9.99996642e-01 -1.88186328e-03 1.45838204e-02 3.53297598e-02 1.94288926e-03 9.99373765e-01 -9.87072736e-01 0.00000000e+00 0.00000000e+00 0.00000000e+00 1.00000000e+00
9.99400498e-01 6.33324270e-04 -3.46140041e-02 -6.69501997e-03 -6.18783028e-04 9.99999669e-01 4.30827630e-04 1.63379377e-02 3.46143329e-02 -4.09160854e-04 9.99400689e-01 -9.92847325e-01 0.00000000e+00 0.00000000e+00 0.00000000e+00 1.00000000e+00
9.99426313e-01 -2.25256659e-03 -3.37948765e-02 -1.96031978e-03 2.33114139e-03 9.99994673e-01 2.28609406e-03 1.17283715e-02 3.37894988e-02 -2.36355168e-03 9.99426157e-01 -9.92714373e-01 0.00000000e+00 0.00000000e+00 0.00000000e+00 1.00000000e+00
9.99475402e-01 -6.51448238e-05 -3.23876163e-02 -2.96009189e-03 1.34832272e-04 9.99997725e-01 2.14949178e-03 1.11647850e-02 3.23874871e-02 -2.15274033e-03 9.99473112e-01 -1.00052734e+00 0.00000000e+00 0.00000000e+00 0.00000000e+00 1.00000000e+00
9.99502895e-01 1.71477085e-03 -3.14801251e-02 -6.08448199e-03 -1.69395846e-03 9.99998345e-01 6.87721731e-04 1.26178046e-02 3.14812281e-02 -6.34046036e-04 9.99504115e-01 -1.01542745e+00 0.00000000e+00 0.00000000e+00 0.00000000e+00 1.00000000e+00
9.99510567e-01 1.62559638e-03 -3.12405319e-02 -5.06987046e-03 -1.62960226e-03 9.99998669e-01 -1.03082703e-04 1.29700858e-02 3.12402985e-02 1.53947874e-04 9.99511886e-01 -1.02695564e+00 0.00000000e+00 0.00000000e+00 0.00000000e+00 1.00000000e+00
9.99516733e-01 -1.27875525e-03 -3.10579653e-02 -1.67464708e-03 1.24433266e-03 9.99998548e-01 -1.12744163e-03 1.43484704e-02 3.10593643e-02 1.08823948e-03 9.99516987e-01 -1.03924708e+00 0.00000000e+00 0.00000000e+00 0.00000000e+00 1.00000000e+00
9.99552963e-01 7.09963529e-04 -2.98882278e-02 -9.93415808e-04 -7.05835437e-04 9.99999745e-01 1.48671466e-04 1.24231195e-02 2.98883210e-02 -1.27501191e-04 9.99553188e-01 -1.05270807e+00 0.00000000e+00 0.00000000e+00 0.00000000e+00 1.00000000e+00
9.99611056e-01 2.79642798e-03 -2.77496305e-02 -5.79837314e-03 -2.77360906e-03 9.99995797e-01 8.60882992e-04 1.06686803e-02 2.77519233e-02 -7.83580433e-04 9.99614597e-01 -1.06416961e+00 0.00000000e+00 0.00000000e+00 0.00000000e+00 1.00000000e+00
9.99664861e-01 4.41482753e-03 -2.55078085e-02 -6.57687909e-03 -4.39360486e-03 9.99989972e-01 8.87583007e-04 1.02538370e-02 2.55114756e-02 -7.75217099e-04 9.99674149e-01 -1.07771533e+00 0.00000000e+00 0.00000000e+00 0.00000000e+00 1.00000000e+00
9.99725725e-01 4.51790660e-03 -2.29790980e-02 -8.36372230e-03 -4.50579155e-03 9.99989687e-01 5.79072984e-04 1.01061908e-02 2.29814730e-02 -4.75373259e-04 9.99735802e-01 -1.09228170e+00 0.00000000e+00 0.00000000e+00 0.00000000e+00 1.00000000e+00
9.99766100e-01 6.18059305e-03 -2.07259802e-02 -9.71075523e-03 -6.17806552e-03 9.99980850e-01 1.86622924e-04 1.11618174e-02 2.07267425e-02 -5.85315516e-05 9.99785209e-01 -1.10392744e+00 0.00000000e+00 0.00000000e+00 0.00000000e+00 1.00000000e+00
9.99826934e-01 4.69028118e-03 -1.79999902e-02 -1.07627174e-02 -4.70447634e-03 9.99988728e-01 -7.47428294e-04 1.28006491e-02 1.79962803e-02 8.31978337e-04 9.99837715e-01 -1.11608584e+00 0.00000000e+00 0.00000000e+00 0.00000000e+00 1.00000000e+00
9.99868558e-01 3.47670412e-03 -1.58367233e-02 -8.76964116e-03 -3.47334546e-03 9.99993899e-01 2.39697407e-04 1.33938863e-02 1.58374544e-02 -1.84660910e-04 9.99874529e-01 -1.12934269e+00 0.00000000e+00 0.00000000e+00 0.00000000e+00 1.00000000e+00
9.99889175e-01 2.72489159e-03 -1.46383942e-02 -7.40483701e-03 -2.73530221e-03 9.99996004e-01 -6.90557364e-04 1.48924439e-02 1.46364582e-02 7.30520569e-04 9.99892639e-01 -1.13524895e+00 0.00000000e+00 0.00000000e+00 0.00000000e+00 1.00000000e+00
9.99908766e-01 3.80433330e-04 -1.35027786e-02 -3.60266752e-03 -3.95313644e-04 9.99999367e-01 -1.09968335e-03 1.58135201e-02 1.35023570e-02 1.10491812e-03 9.99908179e-01 -1.14248548e+00 0.00000000e+00 0.00000000e+00 0.00000000e+00 1.00000000e+00
9.99921994e-01 2.28766784e-05 -1.24889734e-02 -1.95857186e-03 -2.35734699e-05 9.99999937e-01 -5.49407048e-05 1.59109220e-02 1.24889712e-02 5.52321917e-05 9.99922011e-01 -1.14938928e+00 0.00000000e+00 0.00000000e+00 0.00000000e+00 1.00000000e+00
9.99934198e-01 3.06960488e-04 -1.14699907e-02 -3.23792342e-03 -2.75073193e-04 9.99996075e-01 2.78123125e-03 1.24299999e-02 1.14708002e-02 -2.77789126e-03 9.99930411e-01 -1.16151855e+00 0.00000000e+00 0.00000000e+00 0.00000000e+00 1.00000000e+00
9.99945910e-01 8.32952845e-04 -1.03684422e-02 -4.16277613e-03 -7.93871578e-04 9.99992595e-01 3.77274293e-03 8.52798976e-03 1.03714807e-02 -3.76431145e-03 9.99939135e-01 -1.17997245e+00 0.00000000e+00 0.00000000e+00 0.00000000e+00 1.00000000e+00
9.99952029e-01 1.23855949e-03 -9.71616913e-03 -5.02182960e-03 -1.21206805e-03 9.99995563e-01 2.73207468e-03 6.34152453e-03 9.71955183e-03 -2.72016772e-03 9.99949049e-01 -1.20359603e+00 0.00000000e+00 0.00000000e+00 0.00000000e+00 1.00000000e+00
9.99970375e-01 -4.78496681e-05 -7.69179697e-03 -2.35190998e-03 5.74622949e-05 9.99999164e-01 1.24919774e-03 6.39642801e-03 7.69178419e-03 -1.24960476e-03 9.99969612e-01 -1.22792849e+00 0.00000000e+00 0.00000000e+00 0.00000000e+00 1.00000000e+00
9.99982195e-01 -4.14891029e-04 -5.94971390e-03 -1.85588776e-03 4.18598813e-04 9.99999712e-01 6.21940948e-04 6.50416025e-03 5.94937677e-03 -6.24413614e-04 9.99982151e-01 -1.25189209e+00 0.00000000e+00 0.00000000e+00 0.00000000e+00 1.00000000e+00
9.99985786e-01 1.09838087e-03 -5.21945349e-03 -3.14447900e-03 -1.09064599e-03 9.99998383e-01 1.47706345e-03 6.23420783e-03 5.22108303e-03 -1.47134064e-03 9.99985223e-01 -1.26931311e+00 0.00000000e+00 0.00000000e+00 0.00000000e+00 1.00000000e+00
9.99989377e-01 -6.62167452e-04 -4.57073207e-03 -1.40953220e-03 6.71423607e-04 9.99997655e-01 2.03406908e-03 4.50761878e-03 4.56946585e-03 -2.03713490e-03 9.99987468e-01 -1.29493854e+00 0.00000000e+00 0.00000000e+00 0.00000000e+00 1.00000000e+00
9.99991200e-01 3.31724153e-04 -4.18522890e-03 -2.51341982e-03 -3.27269746e-04 9.99999410e-01 1.06602128e-03 5.93683958e-03 4.18548289e-03 -1.06463144e-03 9.99990726e-01 -1.31595421e+00 0.00000000e+00 0.00000000e+00 0.00000000e+00 1.00000000e+00
9.99995048e-01 -2.00778362e-04 -3.12787538e-03 -1.49402727e-03 1.98011093e-04 9.99999615e-01 -8.88799264e-04 8.21091653e-03 3.12802821e-03 8.88176599e-04 9.99994686e-01 -1.34140502e+00 0.00000000e+00 0.00000000e+00 0.00000000e+00 1.00000000e+00
9.99997089e-01 6.25726388e-04 -2.33943391e-03 -2.59899883e-03 -6.31693717e-04 9.99996467e-01 -2.55111165e-03 9.63094783e-03 2.33787227e-03 2.55258334e-03 9.99993982e-01 -1.36489915e+00 0.00000000e+00 0.00000000e+00 0.00000000e+00 1.00000000e+00
9.99997297e-01 7.45978707e-05 -2.30487115e-03 -1.59717906e-03 -7.69150911e-05 9.99999530e-01 -9.94897614e-04 9.45989767e-03 2.30482970e-03 9.95055479e-04 9.99996854e-01 -1.38399263e+00 0.00000000e+00 0.00000000e+00 0.00000000e+00 1.00000000e+00
9.99995325e-01 2.27670260e-03 -2.03214182e-03 -3.40275724e-03 -2.27594042e-03 9.99997358e-01 3.85353819e-04 7.28195247e-03 2.03300375e-03 -3.80711629e-04 9.99997880e-01 -1.40494027e+00 0.00000000e+00 0.00000000e+00 0.00000000e+00 1.00000000e+00
9.99999524e-01 -2.56177391e-04 -1.02125998e-03 -2.14552429e-03 2.56794428e-04 9.99999808e-01 5.78727045e-04 7.87192347e-03 1.02104856e-03 -5.78990862e-04 9.99999313e-01 -1.42455065e+00 0.00000000e+00 0.00000000e+00 0.00000000e+00 1.00000000e+00
9.99997711e-01 2.07755414e-03 -5.51188150e-04 -4.71783568e-03 -2.07719990e-03 9.99997687e-01 5.41886875e-04 6.57623048e-03 5.52288792e-04 -5.40728980e-04 9.99999732e-01 -1.44820544e+00 0.00000000e+00 0.00000000e+00 0.00000000e+00 1.00000000e+00
9.99999789e-01 -4.73528795e-04 -8.14092360e-05 -2.75559766e-03 4.73529401e-04 9.99999758e-01 5.92257079e-04 8.80855644e-03 8.12253373e-05 -5.92310261e-04 9.99999792e-01 -1.46397260e+00 0.00000000e+00 0.00000000e+00 0.00000000e+00 1.00000000e+00
9.99999862e-01 4.57952324e-05 5.31362176e-04 -2.94553674e-03 -4.64721664e-05 9.99999175e-01 1.25346415e-03 9.25739462e-03 -5.31304414e-04 -1.25348775e-03 9.99999067e-01 -1.48689273e+00 0.00000000e+00 0.00000000e+00 0.00000000e+00 1.00000000e+00
9.99999267e-01 3.28075071e-04 1.20110637e-03 -3.06934226e-03 -3.28128053e-04 9.99999911e-01 -7.65608397e-06 9.39640844e-03 -1.20115054e-03 7.26229382e-06 9.99999314e-01 -1.51059098e+00 0.00000000e+00 0.00000000e+00 0.00000000e+00 1.00000000e+00
9.99998387e-01 -9.31914871e-04 1.51164870e-03 -1.76519429e-03 9.33623211e-04 9.99998994e-01 -1.09994828e-03 1.23498426e-02 -1.51064812e-03 1.10135744e-03 9.99998235e-01 -1.53007464e+00 0.00000000e+00 0.00000000e+00 0.00000000e+00 1.00000000e+00
9.99998865e-01 9.65748988e-04 1.14833477e-03 -3.59658563e-03 -9.66400660e-04 9.99999293e-01 6.08825491e-04 1.03326304e-02 -1.14778630e-03 -6.09923059e-04 9.99999154e-01 -1.55185806e+00 0.00000000e+00 0.00000000e+00 0.00000000e+00 1.00000000e+00
9.99999335e-01 -8.92212311e-05 1.22347763e-03 -1.82884296e-03 8.81202546e-05 9.99999656e-01 9.03927080e-04 8.25826053e-03 -1.22348696e-03 -9.03824328e-04 9.99998833e-01 -1.56904025e+00 0.00000000e+00 0.00000000e+00 0.00000000e+00 1.00000000e+00
9.99998943e-01 1.00031615e-03 9.75356289e-04 -2.67165804e-03 -1.00082592e-03 9.99999370e-01 5.19890114e-04 1.01382598e-02 -9.74939611e-04 -5.20865857e-04 9.99999396e-01 -1.59822901e+00 0.00000000e+00 0.00000000e+00 0.00000000e+00 1.00000000e+00
9.99999413e-01 -4.52534179e-04 1.05836092e-03 -1.52659867e-03 4.52559513e-04 9.99999895e-01 -7.60552875e-07 1.07918419e-02 -1.05821709e-03 1.23857831e-06 9.99999473e-01 -1.61503228e+00 0.00000000e+00 0.00000000e+00 0.00000000e+00 1.00000000e+00
9.99997963e-01 1.75736690e-03 9.53703543e-04 -4.11574238e-03 -1.75545340e-03 9.99996399e-01 -2.01655418e-03 1.41065694e-02 -9.57267960e-04 2.01487465e-03 9.99997531e-01 -1.63488898e+00 0.00000000e+00 0.00000000e+00 0.00000000e+00 1.00000000e+00
9.99998990e-01 1.27920867e-03 6.90236580e-04 -4.91653244e-03 -1.27783790e-03 9.99997209e-01 -1.96168378e-03 1.70958978e-02 -6.92833419e-04 1.96080669e-03 9.99997752e-01 -1.65043222e+00 0.00000000e+00 0.00000000e+00 0.00000000e+00 1.00000000e+00
9.99998471e-01 1.52859170e-03 7.83027488e-04 -3.62333157e-03 -1.52884974e-03 9.99998871e-01 3.09563691e-04 1.55348665e-02 -7.82539162e-04 -3.10766369e-04 9.99999730e-01 -1.65973502e+00 0.00000000e+00 0.00000000e+00 0.00000000e+00 1.00000000e+00
9.99996571e-01 2.39187274e-03 1.07229424e-03 -6.19881206e-03 -2.39395466e-03 9.99995141e-01 1.98749052e-03 1.47314275e-02 -1.06747218e-03 -1.99004669e-03 9.99997451e-01 -1.67710899e+00 0.00000000e+00 0.00000000e+00 0.00000000e+00 1.00000000e+00
9.99999527e-01 -7.40621020e-04 6.54377465e-04 -1.48204451e-03 7.40613390e-04 9.99999645e-01 -1.97128605e-04 1.77166721e-02 -6.54197388e-04 1.97599457e-04 9.99999751e-01 -1.69054305e+00 0.00000000e+00 0.00000000e+00 0.00000000e+00 1.00000000e+00
9.99999927e-01 3.95027850e-04 2.05360067e-04 -2.98395649e-03 -3.94853650e-04 9.99999880e-01 -4.32810582e-04 1.83638344e-02 -2.05545558e-04 4.32731118e-04 9.99999834e-01 -1.70492931e+00 0.00000000e+00 0.00000000e+00 0.00000000e+00 1.00000000e+00
9.99999664e-01 -6.85280921e-04 2.28920666e-04 -3.40190850e-04 6.85565997e-04 9.99998683e-01 -1.45864748e-03 1.91981429e-02 -2.27951798e-04 1.45880305e-03 9.99998985e-01 -1.72580657e+00 0.00000000e+00 0.00000000e+00 0.00000000e+00 1.00000000e+00
9.99998226e-01 1.85955157e-03 4.01210442e-04 -4.20377815e-03 -1.85952852e-03 9.99998288e-01 5.18447667e-06 1.72202272e-02 -4.01179311e-04 -5.91846690e-06 9.99999920e-01 -1.73822197e+00 0.00000000e+00 0.00000000e+00 0.00000000e+00 1.00000000e+00
9.99999755e-01 6.85875079e-04 1.41894817e-05 -1.77093451e-03 -6.85884915e-04 9.99999778e-01 8.69153692e-05 1.81864037e-02 -1.41097048e-05 -8.69289379e-05 9.99999979e-01 -1.75525117e+00 0.00000000e+00 0.00000000e+00 0.00000000e+00 1.00000000e+00
9.99999874e-01 4.91680789e-04 1.51970899e-05 -2.75054861e-03 -4.91674039e-04 9.99999336e-01 9.63594416e-04 1.71030382e-02 -1.47129512e-05 -9.63602174e-04 9.99999546e-01 -1.77144231e+00 0.00000000e+00 0.00000000e+00 0.00000000e+00 1.00000000e+00
9.99999814e-01 -5.25619983e-04 -3.34604120e-04 -3.18935643e-04 5.25852726e-04 9.99999664e-01 7.74103571e-04 1.75195982e-02 3.34119074e-04 -7.74281393e-04 9.99999571e-01 -1.78159155e+00 0.00000000e+00 0.00000000e+00 0.00000000e+00 1.00000000e+00
9.99998744e-01 -1.11083612e-03 -1.13147780e-03 4.94440394e-05 1.11132526e-03 9.99999227e-01 4.42783512e-04 1.91304420e-02 1.13101816e-03 -4.44038429e-04 9.99999262e-01 -1.79620668e+00 0.00000000e+00 0.00000000e+00 0.00000000e+00 1.00000000e+00
9.99999147e-01 -5.92866680e-04 -1.18429521e-03 5.62815636e-04 5.93944911e-04 9.99999405e-01 9.07081723e-04 1.91274783e-02 1.18372415e-03 -9.07790362e-04 9.99998943e-01 -1.81065735e+00 0.00000000e+00 0.00000000e+00 0.00000000e+00 1.00000000e+00
9.99998775e-01 -1.13586504e-03 -1.01386666e-03 1.93883616e-03 1.13540428e-03 9.99999263e-01 -4.51121527e-04 1.98618417e-02 1.01446258e-03 4.49966672e-04 9.99999338e-01 -1.83194066e+00 0.00000000e+00 0.00000000e+00 0.00000000e+00 1.00000000e+00
9.99999559e-01 1.66040600e-04 -9.98314616e-04 -5.93426718e-04 -1.66547201e-04 9.99999872e-01 -5.33053053e-04 1.91714858e-02 9.98208413e-04 5.33233997e-04 9.99999362e-01 -1.84318407e+00 0.00000000e+00 0.00000000e+00 0.00000000e+00 1.00000000e+00
9.99996427e-01 -2.61806844e-03 -4.39206729e-04 1.50610720e-03 2.61781044e-03 9.99996358e-01 -6.37947439e-04 1.94135012e-02 4.40835192e-04 6.36793153e-04 9.99999714e-01 -1.86021165e+00 0.00000000e+00 0.00000000e+00 0.00000000e+00 1.00000000e+00
9.99999031e-01 -1.87761841e-04 -1.41117687e-03 -1.83030404e-03 1.89345162e-04 9.99999339e-01 1.12556922e-03 1.67165774e-02 1.41093481e-03 -1.12584001e-03 9.99998402e-01 -1.87164491e+00 0.00000000e+00 0.00000000e+00 0.00000000e+00 1.00000000e+00
9.99995957e-01 -1.06443640e-03 -2.64551429e-03 1.56388611e-03 1.06843834e-03 9.99998242e-01 1.51439433e-03 1.51596792e-02 2.64394611e-03 -1.51720974e-03 9.99995299e-01 -1.89066002e+00 0.00000000e+00 0.00000000e+00 0.00000000e+00 1.00000000e+00
9.99992177e-01 7.88372157e-04 -3.86057823e-03 8.66385593e-04 -7.88997997e-04 9.99999693e-01 -1.63891982e-04 1.55060865e-02 3.86040417e-03 1.66930710e-04 9.99992576e-01 -1.90363134e+00 0.00000000e+00 0.00000000e+00 0.00000000e+00 1.00000000e+00
9.99986255e-01 -2.22666901e-03 -4.76109429e-03 5.60105972e-03 2.22622638e-03 9.99997504e-01 -9.57877539e-05 2.13611193e-02 4.76129050e-03 8.51968192e-05 9.99988668e-01 -1.91498476e+00 0.00000000e+00 0.00000000e+00 0.00000000e+00 1.00000000e+00
9.99985347e-01 -2.20831629e-03 -4.92551989e-03 6.05099165e-03 2.20452335e-03 9.99997295e-01 -7.80543892e-04 2.41266975e-02 4.92719526e-03 7.69665559e-04 9.99987498e-01 -1.92530086e+00 0.00000000e+00 0.00000000e+00 0.00000000e+00 1.00000000e+00
9.99988259e-01 -9.01351168e-04 -4.77242351e-03 5.32158849e-03 9.08195536e-04 9.99998598e-01 1.43513069e-03 2.31761230e-02 4.77115596e-03 -1.43945161e-03 9.99987647e-01 -1.93085542e+00 0.00000000e+00 0.00000000e+00 0.00000000e+00 1.00000000e+00
9.99988495e-01 5.71010238e-04 -4.75009362e-03 3.03620722e-03 -5.64947051e-04 9.99998943e-01 1.28608785e-03 2.14200307e-02 4.75087620e-03 -1.28339091e-03 9.99987869e-01 -1.94500153e+00 0.00000000e+00 0.00000000e+00 0.00000000e+00 1.00000000e+00
9.99989091e-01 -2.31539760e-04 -4.67737591e-03 3.22127471e-03 2.39991185e-04 9.99998339e-01 1.81130177e-03 2.25262186e-02 4.67690871e-03 -1.81239824e-03 9.99987398e-01 -1.95350255e+00 0.00000000e+00 0.00000000e+00 0.00000000e+00 1.00000000e+00
9.99987518e-01 -1.00931405e-03 -4.89743470e-03 4.89160020e-03 1.01431531e-03 9.99999038e-01 1.00906393e-03 2.40418600e-02 4.89640421e-03 -1.01402015e-03 9.99987501e-01 -1.96784074e+00 0.00000000e+00 0.00000000e+00 0.00000000e+00 1.00000000e+00
9.99984742e-01 -2.13669658e-03 -5.08526859e-03 7.23043907e-03 2.13280470e-03 9.99997411e-01 -7.68806236e-04 2.49929450e-02 5.08697462e-03 7.57942175e-04 9.99986825e-01 -1.97914049e+00 0.00000000e+00 0.00000000e+00 0.00000000e+00 1.00000000e+00
9.99983415e-01 -1.82359284e-03 -5.46814246e-03 9.69251339e-03 1.82471504e-03 9.99998254e-01 2.01608305e-04 2.40820580e-02 5.46767196e-03 -2.11574106e-04 9.99985028e-01 -1.98972232e+00 0.00000000e+00 0.00000000e+00 0.00000000e+00 1.00000000e+00
9.99983089e-01 -9.16706717e-04 -5.73791636e-03 8.25625561e-03 9.12495122e-04 9.99999313e-01 -7.38650431e-04 2.48347859e-02 5.73865269e-03 7.33395332e-04 9.99983226e-01 -2.00105231e+00 0.00000000e+00 0.00000000e+00 0.00000000e+00 1.00000000e+00
9.99984166e-01 1.60882890e-05 -5.63085007e-03 7.81166848e-03 -1.67316912e-05 1.00000002e+00 -1.13247614e-04 2.45556817e-02 5.63076362e-03 1.13342796e-04 9.99984199e-01 -2.00898516e+00 0.00000000e+00 0.00000000e+00 0.00000000e+00 1.00000000e+00
9.99984243e-01 6.43889794e-04 -5.57181327e-03 5.74581684e-03 -6.36740943e-04 9.99998997e-01 1.28462966e-03 2.31227678e-02 5.57261820e-03 -1.28105896e-03 9.99983621e-01 -2.01605284e+00 0.00000000e+00 0.00000000e+00 0.00000000e+00 1.00000000e+00
9.99983016e-01 -2.91567273e-04 -5.82959743e-03 8.15451465e-03 2.97908194e-04 9.99999349e-01 1.08688858e-03 2.22515053e-02 5.82938147e-03 -1.08861412e-03 9.99982425e-01 -2.02601515e+00 0.00000000e+00 0.00000000e+00 0.00000000e+00 1.00000000e+00
9.99981330e-01 5.29322813e-04 -6.07657313e-03 5.35571886e-03 -5.30072974e-04 9.99999814e-01 -1.22461375e-04 2.50249749e-02 6.07647887e-03 1.25682501e-04 9.99981497e-01 -2.04145754e+00 0.00000000e+00 0.00000000e+00 0.00000000e+00 1.00000000e+00
9.99983237e-01 -8.70026434e-04 -5.73152883e-03 7.83793181e-03 8.73178569e-04 9.99999561e-01 5.48676875e-04 2.53092289e-02 5.73101445e-03 -5.53663909e-04 9.99983467e-01 -2.04956575e+00 0.00000000e+00 0.00000000e+00 0.00000000e+00 1.00000000e+00
9.99985808e-01 -4.54563543e-04 -5.30691995e-03 7.65043217e-03 4.57117700e-04 9.99999729e-01 4.78583276e-04 2.33957424e-02 5.30669858e-03 -4.81006485e-04 9.99985783e-01 -2.05434617e+00 0.00000000e+00 0.00000000e+00 0.00000000e+00 1.00000000e+00
9.99985033e-01 -1.18795254e-03 -5.33834672e-03 9.20213297e-03 1.19043728e-03 9.99999184e-01 4.62674956e-04 2.48804382e-02 5.33784504e-03 -4.69024049e-04 9.99985680e-01 -2.06880672e+00 0.00000000e+00 0.00000000e+00 0.00000000e+00 1.00000000e+00
9.99988128e-01 1.69480399e-03 -4.56640727e-03 3.35250584e-03 -1.69626232e-03 9.99998506e-01 -3.16113213e-04 2.50944671e-02 4.56586596e-03 3.23853495e-04 9.99989486e-01 -2.07468406e+00 0.00000000e+00 0.00000000e+00 0.00000000e+00 1.00000000e+00
9.99990345e-01 1.74840352e-03 -4.02846594e-03 1.39637130e-03 -1.75529682e-03 9.99997030e-01 -1.71024342e-03 2.71929935e-02 4.02544455e-03 1.71730720e-03 9.99990384e-01 -2.08903915e+00 0.00000000e+00 0.00000000e+00 0.00000000e+00 1.00000000e+00
9.99991984e-01 1.49434764e-03 -3.72492951e-03 3.72160816e-04 -1.49085890e-03 9.99998439e-01 9.41107860e-04 2.57105313e-02 3.72630210e-03 -9.35555934e-04 9.99992665e-01 -2.09384643e+00 0.00000000e+00 0.00000000e+00 0.00000000e+00 1.00000000e+00
9.99994944e-01 3.43958815e-04 -3.15674066e-03 5.90447884e-04 -3.42770583e-04 9.99999879e-01 3.77702870e-04 2.56706520e-02 3.15690373e-03 -3.76606336e-04 9.99994923e-01 -2.10568917e+00 0.00000000e+00 0.00000000e+00 0.00000000e+00 1.00000000e+00
9.99993422e-01 -8.43624292e-04 -3.53066061e-03 2.19786879e-03 8.43686181e-04 9.99999620e-01 1.73531703e-05 2.66089191e-02 3.53062713e-03 -2.03466999e-05 9.99993781e-01 -2.11366719e+00 0.00000000e+00 0.00000000e+00 0.00000000e+00 1.00000000e+00
9.99990980e-01 -1.23003878e-03 -4.07114818e-03 4.89221440e-03 1.23231905e-03 9.99999060e-01 5.58012368e-04 2.55307047e-02 4.07047030e-03 -5.63014525e-04 9.99991552e-01 -2.12915594e+00 0.00000000e+00 0.00000000e+00 0.00000000e+00 1.00000000e+00
9.99988465e-01 -1.25992102e-03 -4.62250011e-03 5.78114372e-03 1.26589539e-03 9.99998390e-01 1.28808069e-03 2.63183465e-02 4.62091587e-03 -1.29392665e-03 9.99988451e-01 -2.12751405e+00 0.00000000e+00 0.00000000e+00 0.00000000e+00 1.00000000e+00
9.99988915e-01 -8.27240594e-04 -4.64148736e-03 5.87018493e-03 8.27493898e-04 9.99999653e-01 5.23087160e-05 2.65426164e-02 4.64144709e-03 -5.61430378e-05 9.99989318e-01 -2.14229452e+00 0.00000000e+00 0.00000000e+00 0.00000000e+00 1.00000000e+00
9.99988645e-01 2.34843594e-04 -4.76784214e-03 6.00415854e-03 -2.34009625e-04 9.99999970e-01 1.76306054e-04 2.59851713e-02 4.76790395e-03 -1.75192549e-04 9.99988566e-01 -2.15223299e+00 0.00000000e+00 0.00000000e+00 0.00000000e+00 1.00000000e+00
9.99988907e-01 -4.40196154e-04 -4.68264193e-03 5.92568782e-03 4.43406334e-04 9.99999616e-01 6.86612753e-04 2.64669876e-02 4.68232435e-03 -6.88689052e-04 9.99988758e-01 -2.15478492e+00 0.00000000e+00 0.00000000e+00 0.00000000e+00 1.00000000e+00
9.99988655e-01 -2.89704729e-04 -4.74675644e-03 6.37443090e-03 2.92790052e-04 9.99999749e-01 6.47478082e-04 2.70703857e-02 4.74657351e-03 -6.48855270e-04 9.99988568e-01 -2.16562779e+00 0.00000000e+00 0.00000000e+00 0.00000000e+00 1.00000000e+00
9.99990344e-01 -2.68879189e-04 -4.39531122e-03 5.39183335e-03 2.64630615e-04 9.99999490e-01 -9.67279729e-04 2.89380130e-02 4.39553050e-03 9.66115564e-04 9.99989860e-01 -2.18305342e+00 0.00000000e+00 0.00000000e+00 0.00000000e+00 1.00000000e+00
9.99989967e-01 6.52128149e-04 -4.44159454e-03 4.24804460e-03 -6.52659340e-04 9.99999867e-01 -1.17254654e-04 2.94614635e-02 4.44153402e-03 1.20152849e-04 9.99990107e-01 -2.18049642e+00 0.00000000e+00 0.00000000e+00 0.00000000e+00 1.00000000e+00
9.99990890e-01 1.06904649e-03 -4.12859405e-03 3.16546926e-03 -1.06775132e-03 9.99999349e-01 3.16179930e-04 2.91827605e-02 4.12885273e-03 -3.11767945e-04 9.99991415e-01 -2.19380551e+00 0.00000000e+00 0.00000000e+00 0.00000000e+00 1.00000000e+00
9.99992845e-01 2.07763681e-04 -3.76820958e-03 3.77967978e-03 -2.03309689e-04 9.99999242e-01 1.18208966e-03 2.73145222e-02 3.76844908e-03 -1.18132598e-03 9.99992274e-01 -2.20044657e+00 0.00000000e+00 0.00000000e+00 0.00000000e+00 1.00000000e+00
9.99992696e-01 5.74788764e-04 -3.77322902e-03 3.33975794e-03 -5.66963247e-04 9.99997684e-01 2.07422214e-03 2.45565025e-02 3.77444864e-03 -2.07205709e-03 9.99990740e-01 -2.20562274e+00 0.00000000e+00 0.00000000e+00 0.00000000e+00 1.00000000e+00
9.99993266e-01 6.98546112e-04 -3.59760410e-03 3.49194283e-03 -6.97077386e-04 9.99999748e-01 4.08815667e-04 2.61152201e-02 3.59784665e-03 -4.06298626e-04 9.99993445e-01 -2.22238254e+00 0.00000000e+00 0.00000000e+00 0.00000000e+00 1.00000000e+00
9.99993695e-01 -1.65618092e-04 -3.54424085e-03 2.93545387e-03 1.69047356e-04 9.99999519e-01 9.64943059e-04 2.72212911e-02 3.54415211e-03 -9.65550692e-04 9.99993235e-01 -2.22773976e+00 0.00000000e+00 0.00000000e+00 0.00000000e+00 1.00000000e+00
9.99993285e-01 -1.01554534e-04 -3.69350591e-03 4.01326599e-03 1.02223495e-04 9.99999906e-01 1.84924596e-04 2.75749912e-02 3.69341921e-03 -1.85294486e-04 9.99993155e-01 -2.23622910e+00 0.00000000e+00 0.00000000e+00 0.00000000e+00 1.00000000e+00
9.99991005e-01 4.26988211e-05 -4.22332154e-03 5.26193417e-03 -4.31082506e-05 1.00000004e+00 -9.77903503e-05 2.78018807e-02 4.22336182e-03 9.79695867e-05 9.99991046e-01 -2.24529422e+00 0.00000000e+00 0.00000000e+00 0.00000000e+00 1.00000000e+00
9.99990881e-01 1.45705145e-03 -4.02911763e-03 2.12285385e-03 -1.45808827e-03 9.99998920e-01 -2.55679011e-04 2.96814340e-02 4.02874702e-03 2.61547120e-04 9.99991923e-01 -2.25516688e+00 0.00000000e+00 0.00000000e+00 0.00000000e+00 1.00000000e+00
9.99991023e-01 2.44662249e-03 -3.43798399e-03 4.21819741e-04 -2.44598963e-03 9.99996935e-01 1.90577182e-04 2.91164544e-02 3.43845815e-03 -1.82159049e-04 9.99994035e-01 -2.26268134e+00 0.00000000e+00 0.00000000e+00 0.00000000e+00 1.00000000e+00
9.99995493e-01 7.16962767e-04 -2.94040062e-03 2.17904938e-04 -7.19162449e-04 9.99999483e-01 -7.48792041e-04 2.95839051e-02 2.93990003e-03 7.50904361e-04 9.99995353e-01 -2.26990239e+00 0.00000000e+00 0.00000000e+00 0.00000000e+00 1.00000000e+00
9.99995862e-01 -1.08839932e-04 -2.85050532e-03 1.18921944e-03 1.06996626e-04 9.99999788e-01 -6.46585598e-04 3.04465312e-02 2.85040568e-03 6.46275085e-04 9.99995731e-01 -2.28070903e+00 0.00000000e+00 0.00000000e+00 0.00000000e+00 1.00000000e+00
9.99995111e-01 -1.11357218e-03 -2.92190820e-03 2.67778806e-03 1.11456703e-03 9.99999299e-01 3.38655335e-04 2.96556828e-02 2.92156339e-03 -3.41907236e-04 9.99995709e-01 -2.28688911e+00 0.00000000e+00 0.00000000e+00 0.00000000e+00 1.00000000e+00
9.99994684e-01 -8.53952490e-04 -3.16313371e-03 2.81115033e-03 8.61047147e-04 9.99997177e-01 2.24285164e-03 2.69792218e-02 3.16135795e-03 -2.24555919e-03 9.99992519e-01 -2.29420023e+00 0.00000000e+00 0.00000000e+00 0.00000000e+00 1.00000000e+00
9.99993980e-01 -1.05513626e-04 -3.46977894e-03 3.31676356e-03 1.11106011e-04 9.99998616e-01 1.61329146e-03 2.58465232e-02 3.46958043e-03 -1.61366949e-03 9.99992587e-01 -2.30517653e+00 0.00000000e+00 0.00000000e+00 0.00000000e+00 1.00000000e+00
9.99993009e-01 -1.58323098e-03 -3.37652431e-03 4.05820598e-03 1.58990757e-03 9.99996783e-01 1.97258765e-03 2.83758361e-02 3.37327111e-03 -1.97794831e-03 9.99992439e-01 -2.31475428e+00 0.00000000e+00 0.00000000e+00 0.00000000e+00 1.00000000e+00
9.99993167e-01 -1.14768664e-03 -3.51086907e-03 3.84631361e-03 1.15474656e-03 9.99997329e-01 2.01061432e-03 2.50939373e-02 3.50864400e-03 -2.01466071e-03 9.99991804e-01 -2.31907124e+00 0.00000000e+00 0.00000000e+00 0.00000000e+00 1.00000000e+00
9.99991500e-01 8.13872330e-04 -4.04109844e-03 2.58739511e-03 -8.14957528e-04 9.99999638e-01 -2.66753853e-04 2.71142317e-02 4.04087178e-03 2.70051311e-04 9.99991772e-01 -2.32456608e+00 0.00000000e+00 0.00000000e+00 0.00000000e+00 1.00000000e+00
9.99992386e-01 -8.44893863e-04 -3.83314063e-03 3.08165869e-03 8.41222132e-04 9.99999157e-01 -9.57617747e-04 3.15194385e-02 3.83388196e-03 9.54386054e-04 9.99992189e-01 -2.34241801e+00 0.00000000e+00 0.00000000e+00 0.00000000e+00 1.00000000e+00
9.99991910e-01 -2.62134907e-04 -3.99271686e-03 3.51990584e-03 2.59385466e-04 9.99999769e-01 -6.91056321e-04 3.12756927e-02 3.99290056e-03 6.90013254e-04 9.99991755e-01 -2.34907405e+00 0.00000000e+00 0.00000000e+00 0.00000000e+00 1.00000000e+00
9.99991194e-01 3.17265610e-04 -4.19105622e-03 4.02699186e-03 -3.17373487e-04 1.00000000e+00 -2.33227559e-05 3.11033427e-02 4.19108029e-03 2.46609470e-05 9.99991262e-01 -2.35235503e+00 0.00000000e+00 0.00000000e+00 0.00000000e+00 1.00000000e+00
9.99992742e-01 -9.34449547e-04 -3.69923279e-03 4.40254572e-03 9.36402513e-04 9.99999388e-01 5.25132678e-04 3.08515966e-02 3.69880050e-03 -5.28600766e-04 9.99993010e-01 -2.36724426e+00 0.00000000e+00 0.00000000e+00 0.00000000e+00 1.00000000e+00
9.99991477e-01 -9.45621239e-04 -4.01009198e-03 5.28447743e-03 9.49624495e-04 9.99999033e-01 9.94881589e-04 3.10757069e-02 4.00906086e-03 -9.98671902e-04 9.99991459e-01 -2.35112200e+00 0.00000000e+00 0.00000000e+00 0.00000000e+00 1.00000000e+00
9.99993879e-01 2.08074210e-07 -3.50248954e-03 3.43575348e-03 -1.05369488e-08 1.00000005e+00 5.72587427e-05 3.36245951e-02 3.50244365e-03 -5.72649060e-05 9.99993863e-01 -2.38023522e+00 0.00000000e+00 0.00000000e+00 0.00000000e+00 1.00000000e+00
9.99994794e-01 1.05508819e-03 -3.04330153e-03 1.33648992e-03 -1.05430073e-03 9.99999358e-01 2.61983000e-04 3.48832591e-02 3.04365424e-03 -2.58776979e-04 9.99995320e-01 -2.36356557e+00 0.00000000e+00 0.00000000e+00 0.00000000e+00 1.00000000e+00
9.99995337e-01 1.29330494e-03 -2.75509338e-03 -4.23716731e-03 -1.29428163e-03 9.99999149e-01 -3.55441816e-04 3.60880377e-02 2.75460491e-03 3.59017447e-04 9.99996188e-01 -2.37824597e+00 0.00000000e+00 0.00000000e+00 0.00000000e+00 1.00000000e+00
9.99995259e-01 9.76564771e-04 -2.93331611e-03 -4.02093097e-03 -9.78877839e-04 9.99999140e-01 -7.86449938e-04 3.54782611e-02 2.93254085e-03 7.89310035e-04 9.99995373e-01 -2.38312900e+00 0.00000000e+00 0.00000000e+00 0.00000000e+00 1.00000000e+00
9.99995765e-01 1.06017878e-03 -2.72373903e-03 -4.65111487e-03 -1.05947678e-03 9.99999432e-01 2.61654411e-04 3.45798695e-02 2.72404312e-03 -2.58758336e-04 9.99996274e-01 -2.38611233e+00 0.00000000e+00 0.00000000e+00 0.00000000e+00 1.00000000e+00
9.99996057e-01 5.17034063e-04 -2.73925553e-03 -2.45729249e-03 -5.14117609e-04 9.99999281e-01 1.06402547e-03 3.30218890e-02 2.73980298e-03 -1.06262929e-03 9.99995644e-01 -2.38312463e+00 0.00000000e+00 0.00000000e+00 0.00000000e+00 1.00000000e+00
9.99995402e-01 -6.70275156e-04 -2.97679921e-03 -2.04146427e-03 6.71681381e-04 9.99999737e-01 4.69502617e-04 3.58361577e-02 2.97652860e-03 -4.71504054e-04 9.99995456e-01 -2.39322418e+00 0.00000000e+00 0.00000000e+00 0.00000000e+00 1.00000000e+00
9.99995506e-01 -5.15344311e-04 -2.94685225e-03 -7.76023868e-04 5.18738848e-04 9.99999204e-01 1.15167931e-03 3.58177444e-02 2.94623485e-03 -1.15318968e-03 9.99995048e-01 -2.40873562e+00 0.00000000e+00 0.00000000e+00 0.00000000e+00 1.00000000e+00
9.99995087e-01 4.12630875e-05 -3.13291484e-03 3.87051042e-06 -3.73569199e-05 9.99999224e-01 1.24708758e-03 3.51708574e-02 3.13298485e-03 -1.24695592e-03 9.99994237e-01 -2.38561289e+00 0.00000000e+00 0.00000000e+00 0.00000000e+00 1.00000000e+00
9.99994793e-01 -1.86758122e-03 -2.62296933e-03 1.72639552e-03 1.86978407e-03 9.99997854e-01 8.35667877e-04 3.63675546e-02 2.62141553e-03 -8.40574737e-04 9.99996257e-01 -2.39834641e+00 0.00000000e+00 0.00000000e+00 0.00000000e+00 1.00000000e+00
9.99994907e-01 2.89632185e-04 -3.18855188e-03 -3.71967893e-04 -2.87847620e-04 9.99999768e-01 5.62934249e-04 3.73617999e-02 3.18865481e-03 -5.62011606e-04 9.99994737e-01 -2.40257330e+00 0.00000000e+00 0.00000000e+00 0.00000000e+00 1.00000000e+00
9.99994112e-01 1.87255481e-03 -2.85481552e-03 -3.20520721e-03 -1.87555721e-03 9.99997731e-01 -1.04967357e-03 4.06793315e-02 2.85284800e-03 1.05501726e-03 9.99995393e-01 -2.40116262e+00 0.00000000e+00 0.00000000e+00 0.00000000e+00 1.00000000e+00
9.99996175e-01 1.15453897e-04 -2.78326665e-03 -1.66598817e-03 -1.17670618e-04 9.99999621e-01 -7.95309271e-04 4.04132701e-02 2.78311411e-03 7.95631722e-04 9.99995773e-01 -2.40630584e+00 0.00000000e+00 0.00000000e+00 0.00000000e+00 1.00000000e+00
9.99993612e-01 -8.37012136e-04 -3.47161308e-03 3.87971875e-04 8.35166735e-04 9.99999607e-01 -5.33178145e-04 3.71493263e-02 3.47219420e-03 5.30277397e-04 9.99993903e-01 -2.40435167e+00 0.00000000e+00 0.00000000e+00 0.00000000e+00 1.00000000e+00
9.99993825e-01 -1.15647162e-03 -3.30371163e-03 1.56726102e-03 1.15944333e-03 9.99998837e-01 8.95691997e-04 3.54228258e-02 3.30259009e-03 -8.99517776e-04 9.99994084e-01 -2.40368671e+00 0.00000000e+00 0.00000000e+00 0.00000000e+00 1.00000000e+00
9.99992105e-01 -1.50869446e-03 -3.68929726e-03 2.42198588e-03 1.50896311e-03 9.99998928e-01 6.76051369e-05 3.75806587e-02 3.68912900e-03 -7.31746171e-05 9.99993238e-01 -2.41066328e+00 0.00000000e+00 0.00000000e+00 0.00000000e+00 1.00000000e+00
9.99992322e-01 -1.06918086e-03 -3.76315577e-03 4.01919131e-03 1.06711467e-03 9.99999210e-01 -5.45632174e-04 3.85499882e-02 3.76376267e-03 5.41615204e-04 9.99992724e-01 -2.40742527e+00 0.00000000e+00 0.00000000e+00 0.00000000e+00 1.00000000e+00
9.99992206e-01 -5.23855733e-04 -3.90930229e-03 3.35614921e-03 5.25083438e-04 9.99999856e-01 3.10382967e-04 3.86485018e-02 3.90917746e-03 -3.12433505e-04 9.99992374e-01 -2.40857761e+00 0.00000000e+00 0.00000000e+00 0.00000000e+00 1.00000000e+00
9.99991686e-01 -7.84327949e-04 -4.00496874e-03 3.79173658e-03 7.83697979e-04 9.99999684e-01 -1.58969730e-04 3.94148045e-02 4.00507423e-03 1.55823395e-04 9.99991902e-01 -2.40579405e+00 0.00000000e+00 0.00000000e+00 0.00000000e+00 1.00000000e+00
9.99990834e-01 -4.04073733e-04 -4.26121768e-03 4.84034308e-03 4.08402389e-04 9.99999360e-01 1.01381438e-03 3.83494987e-02 4.26082426e-03 -1.01554241e-03 9.99990425e-01 -2.40322529e+00 0.00000000e+00 0.00000000e+00 0.00000000e+00 1.00000000e+00
9.99989173e-01 -1.07038527e-03 -4.52618844e-03 6.53371083e-03 1.06880879e-03 9.99999441e-01 -3.50260548e-04 3.75807025e-02 4.52659155e-03 3.45428730e-04 9.99989646e-01 -2.40397203e+00 0.00000000e+00 0.00000000e+00 0.00000000e+00 1.00000000e+00
9.99990914e-01 -4.22990328e-05 -4.26626587e-03 3.72360177e-03 4.30227231e-05 9.99999951e-01 1.68870872e-04 3.86462327e-02 4.26618238e-03 -1.69061355e-04 9.99990887e-01 -2.40164961e+00 0.00000000e+00 0.00000000e+00 0.00000000e+00 1.00000000e+00
9.99992111e-01 7.39724791e-04 -3.90272110e-03 2.97676648e-03 -7.36533147e-04 9.99999348e-01 8.20380859e-04 3.90654018e-02 3.90334770e-03 -8.17501900e-04 9.99992154e-01 -2.40558874e+00 0.00000000e+00 0.00000000e+00 0.00000000e+00 1.00000000e+00
9.99991805e-01 -3.64502711e-04 -4.04403329e-03 3.28163975e-03 3.64993058e-04 9.99999953e-01 1.20221977e-04 3.75625312e-02 4.04402589e-03 -1.21691476e-04 9.99991728e-01 -2.39757974e+00 0.00000000e+00 0.00000000e+00 0.00000000e+00 1.00000000e+00
9.99991409e-01 -8.61238622e-04 -4.05479960e-03 7.17952339e-03 8.63955555e-04 9.99999455e-01 6.66713757e-04 3.47502456e-02 4.05423468e-03 -6.70212745e-04 9.99991616e-01 -2.40682210e+00 0.00000000e+00 0.00000000e+00 0.00000000e+00 1.00000000e+00
9.99991695e-01 -1.09676099e-04 -4.06407069e-03 7.09678645e-03 1.09225827e-04 9.99999918e-01 -1.07552632e-04 3.49853848e-02 4.06404811e-03 1.07116524e-04 9.99991708e-01 -2.41142958e+00 0.00000000e+00 0.00000000e+00 0.00000000e+00 1.00000000e+00
9.99992212e-01 6.64792347e-04 -3.89503590e-03 7.11276104e-03 -6.62363379e-04 9.99999672e-01 6.23137905e-04 3.26376361e-02 3.89556408e-03 -6.20568373e-04 9.99992243e-01 -2.41270705e+00 0.00000000e+00 0.00000000e+00 0.00000000e+00 1.00000000e+00
