9.99996671e-01 2.22360290e-03 1.29803046e-03 -7.45939321e-03 -2.22014099e-03 9.99993982e-01 -2.66245114e-03 3.45598838e-02 -1.30394241e-03 2.65956062e-03 9.99995526e-01 -1.52888003e+00 0.00000000e+00 0.00000000e+00 0.00000000e+00 1.00000000e+00
9.99998536e-01 7.89316571e-04 1.51923785e-03 -4.32100031e-03 -7.87979307e-04 9.99999310e-01 -8.80566683e-04 3.50521199e-02 -1.51993316e-03 8.79368559e-04 9.99998502e-01 -1.52331330e+00 0.00000000e+00 0.00000000e+00 0.00000000e+00 1.00000000e+00
9.99998663e-01 -8.80090479e-04 1.38084582e-03 -3.89949500e-03 8.79547927e-04 9.99999514e-01 3.92737735e-04 3.30141065e-02 -1.38118991e-03 -3.91523340e-04 9.99998938e-01 -1.51380656e+00 0.00000000e+00 0.00000000e+00 0.00000000e+00 1.00000000e+00
9.99998705e-01 -6.03713450e-04 1.43801568e-03 1.41800114e-03 6.03788572e-04 9.99999867e-01 -5.06944373e-05 2.71547900e-02 -1.43798474e-03 5.15630007e-05 9.99999029e-01 -1.51305111e+00 0.00000000e+00 0.00000000e+00 0.00000000e+00 1.00000000e+00
9.99999253e-01 1.04444400e-04 1.28170440e-03 1.18795372e-03 -1.03860833e-04 9.99999869e-01 -4.55494441e-04 2.63115490e-02 -1.28175159e-03 4.55360712e-04 9.99999066e-01 -1.53584525e+00 0.00000000e+00 0.00000000e+00 0.00000000e+00 1.00000000e+00
9.99998662e-01 1.15406738e-04 1.58964669e-03 6.95458434e-04 -1.15119196e-04 1.00000000e+00 -1.81059853e-04 2.71899012e-02 -1.58966739e-03 1.80875850e-04 9.99998678e-01 -1.48378534e+00 0.00000000e+00 0.00000000e+00 0.00000000e+00 1.00000000e+00
9.99996837e-01 1.78764797e-03 1.77419623e-03 -2.24797277e-03 -1.78914458e-03 9.99998035e-01 8.41625751e-04 2.58775354e-02 -1.77268894e-03 -8.44796597e-04 9.99998099e-01 -1.50020716e+00 0.00000000e+00 0.00000000e+00 0.00000000e+00 1.00000000e+00
9.99998418e-01 1.18064157e-03 1.35021481e-03 -1.77637131e-04 -1.18024161e-03 9.99999226e-01 -2.97086031e-04 1.95426604e-02 -1.35056606e-03 2.95491070e-04 9.99999020e-01 -1.49493238e+00 0.00000000e+00 0.00000000e+00 0.00000000e+00 1.00000000e+00
9.99999217e-01 3.82825742e-05 1.27047620e-03 8.38625958e-04 -3.81343301e-05 1.00000002e+00 -1.16613699e-04 2.17874592e-02 -1.27047409e-03 1.16565868e-04 9.99999218e-01 -1.49320902e+00 0.00000000e+00 0.00000000e+00 0.00000000e+00 1.00000000e+00
9.99999167e-01 -5.26142390e-04 1.16880486e-03 4.97217371e-03 5.25723323e-04 9.99999826e-01 3.59202535e-04 2.35767783e-02 -1.16900616e-03 -3.58588020e-04 9.99999264e-01 -1.48872196e+00 0.00000000e+00 0.00000000e+00 0.00000000e+00 1.00000000e+00
9.99998568e-01 -1.59635374e-03 4.76456242e-04 9.03696376e-03 1.59665682e-03 9.99998450e-01 -6.36737428e-04 2.97229477e-02 -4.75432167e-04 6.37497580e-04 9.99999625e-01 -1.48463915e+00 0.00000000e+00 0.00000000e+00 0.00000000e+00 1.00000000e+00
9.99998704e-01 -1.55950048e-03 4.43737513e-04 1.22035551e-02 1.55981980e-03 9.99998601e-01 -7.19746444e-04 2.95335959e-02 -4.42612582e-04 7.20438157e-04 9.99999694e-01 -1.48264466e+00 0.00000000e+00 0.00000000e+00 0.00000000e+00 1.00000000e+00
9.99999303e-01 -1.01610942e-03 5.73740897e-04 1.01410689e-02 1.01657741e-03 9.99999083e-01 -8.15013381e-04 3.10900478e-02 -5.72910773e-04 8.15595842e-04 9.99999444e-01 -1.47381541e+00 0.00000000e+00 0.00000000e+00 0.00000000e+00 1.00000000e+00
9.99999919e-01 2.32086559e-06 4.36069604e-04 9.25079619e-03 -2.23109203e-06 9.99999992e-01 -2.05647364e-04 2.54359648e-02 -4.36072942e-04 2.05645151e-04 9.99999912e-01 -1.47348138e+00 0.00000000e+00 0.00000000e+00 0.00000000e+00 1.00000000e+00
9.99999825e-01 -4.63321788e-04 5.00960741e-04 5.03861032e-03 4.63372327e-04 9.99999884e-01 -1.00714071e-04 2.27580710e-02 -5.00914318e-04 1.00946127e-04 9.99999876e-01 -1.46213988e+00 0.00000000e+00 0.00000000e+00 0.00000000e+00 1.00000000e+00
9.99999732e-01 -6.68627092e-04 3.78152352e-05 5.78644545e-03 6.68648593e-04 9.99999636e-01 -5.74682115e-04 2.22995994e-02 -3.74312948e-05 5.74708311e-04 9.99999802e-01 -1.45725736e+00 0.00000000e+00 0.00000000e+00 0.00000000e+00 1.00000000e+00
9.99999626e-01 -9.11700285e-04 -2.88937534e-05 6.85105881e-03 9.11666938e-04 9.99998975e-01 -1.14684711e-03 2.56037773e-02 2.99411059e-05 1.14681959e-03 9.99999350e-01 -1.45244545e+00 0.00000000e+00 0.00000000e+00 0.00000000e+00 1.00000000e+00
9.99999942e-01 -3.40949695e-04 -6.42480940e-05 5.94345588e-03 3.41002608e-04 9.99999597e-01 8.26266924e-04 2.27867121e-02 6.39635492e-05 -8.26288351e-04 9.99999698e-01 -1.44119791e+00 0.00000000e+00 0.00000000e+00 0.00000000e+00 1.00000000e+00
9.99999854e-01 -4.35280159e-04 -7.80538007e-05 6.21264623e-03 4.35485335e-04 9.99996405e-01 2.64879822e-03 2.55651869e-02 7.68986173e-05 -2.64883161e-03 9.99996444e-01 -1.43328998e+00 0.00000000e+00 0.00000000e+00 0.00000000e+00 1.00000000e+00
9.99998700e-01 1.59793509e-03 -2.93876781e-04 4.55331021e-03 -1.59791549e-03 9.99998719e-01 6.67439550e-05 2.75972259e-02 2.93985226e-04 -6.62740655e-05 9.99999973e-01 -1.42567684e+00 0.00000000e+00 0.00000000e+00 0.00000000e+00 1.00000000e+00
9.99999410e-01 1.00381403e-03 -2.68175000e-04 4.62049208e-03 -1.00454986e-03 9.99995612e-01 -2.75610923e-03 3.14415473e-02 2.65411110e-04 2.75637669e-03 9.99996154e-01 -1.42151858e+00 0.00000000e+00 0.00000000e+00 0.00000000e+00 1.00000000e+00
9.99998574e-01 1.69653831e-03 -1.72249051e-04 3.01523456e-03 -1.69681202e-03 9.99997272e-01 -1.60004888e-03 3.02217106e-02 1.69528753e-04 1.60033821e-03 9.99998722e-01 -1.41135238e+00 0.00000000e+00 0.00000000e+00 0.00000000e+00 1.00000000e+00
9.99999496e-01 9.75116089e-04 -2.44824386e-04 4.42511740e-03 -9.74924677e-04 9.99999254e-01 7.80528288e-04 2.39302016e-02 2.45586667e-04 -7.80289555e-04 9.99999648e-01 -1.39461597e+00 0.00000000e+00 0.00000000e+00 0.00000000e+00 1.00000000e+00
9.99999907e-01 -1.22268671e-04 -4.08287211e-04 8.61174649e-03 1.22962881e-04 9.99998527e-01 1.70208046e-03 2.43547833e-02 4.08079120e-04 -1.70213034e-03 9.99998505e-01 -1.38427011e+00 0.00000000e+00 0.00000000e+00 0.00000000e+00 1.00000000e+00
9.99999454e-01 -8.09745383e-04 -6.34217688e-04 1.22493436e-02 8.10474548e-04 9.99999061e-01 1.14894459e-03 2.41819909e-02 6.33297120e-04 -1.14945682e-03 9.99999172e-01 -1.36796332e+00 0.00000000e+00 0.00000000e+00 0.00000000e+00 1.00000000e+00
9.99999423e-01 -6.98711802e-04 -9.00937605e-04 1.00678019e-02 6.99181512e-04 9.99999563e-01 5.21345995e-04 2.62324414e-02 9.00561172e-04 -5.21976399e-04 9.99999443e-01 -1.35642662e+00 0.00000000e+00 0.00000000e+00 0.00000000e+00 1.00000000e+00
9.99999157e-01 -5.43769572e-04 -1.14382295e-03 1.14272204e-02 5.42988675e-04 9.99999694e-01 -6.82982089e-04 2.70531893e-02 1.14419439e-03 6.82360998e-04 9.99999066e-01 -1.33433235e+00 0.00000000e+00 0.00000000e+00 0.00000000e+00 1.00000000e+00
9.99998494e-01 -6.24240501e-04 -1.60546171e-03 9.97183595e-03 6.20579460e-04 9.99997163e-01 -2.27992684e-03 2.94577592e-02 1.60688490e-03 2.27892632e-03 9.99996116e-01 -1.32383238e+00 0.00000000e+00 0.00000000e+00 0.00000000e+00 1.00000000e+00
9.99998439e-01 6.15854970e-04 -1.65965779e-03 9.03586975e-03 -6.17774225e-04 9.99999142e-01 -1.15606868e-03 2.90934897e-02 1.65894190e-03 1.15709211e-03 9.99997968e-01 -1.30312415e+00 0.00000000e+00 0.00000000e+00 0.00000000e+00 1.00000000e+00
9.99997333e-01 -3.35698614e-04 -2.28626786e-03 8.54380622e-03 3.34584756e-04 9.99999869e-01 -4.87605923e-04 2.83254079e-02 2.28643109e-03 4.86840802e-04 9.99997221e-01 -1.28225301e+00 0.00000000e+00 0.00000000e+00 0.00000000e+00 1.00000000e+00
9.99994223e-01 1.24401180e-05 -3.39423423e-03 9.10153725e-03 -1.20068560e-05 9.99999966e-01 1.27665156e-04 2.71458979e-02 3.39423599e-03 -1.27624335e-04 9.99994290e-01 -1.26319524e+00 0.00000000e+00 0.00000000e+00 0.00000000e+00 1.00000000e+00
9.99992860e-01 8.40277062e-04 -3.68557021e-03 7.46593493e-03 -8.32305681e-04 9.99997317e-01 2.16391516e-03 2.48815543e-02 3.68737897e-03 -2.16083175e-03 9.99990889e-01 -1.24110751e+00 0.00000000e+00 0.00000000e+00 0.00000000e+00 1.00000000e+00
9.99993915e-01 3.21638299e-04 -3.47978955e-03 7.08475167e-03 -3.15954228e-04 9.99998596e-01 1.63385752e-03 2.32622670e-02 3.48031051e-03 -1.63274835e-03 9.99992590e-01 -1.23323888e+00 0.00000000e+00 0.00000000e+00 0.00000000e+00 1.00000000e+00
9.99991677e-01 -4.27421359e-04 -4.05872036e-03 1.38472326e-02 4.25042721e-04 9.99999759e-01 -5.86892769e-04 1.81479257e-02 4.05897034e-03 5.85162901e-04 9.99991558e-01 -1.22011167e+00 0.00000000e+00 0.00000000e+00 0.00000000e+00 1.00000000e+00
9.99985910e-01 -4.15804031e-04 -5.29684716e-03 1.32456195e-02 4.15588224e-04 9.99999875e-01 -4.18415399e-05 1.99210664e-02 5.29686231e-03 3.96395490e-05 9.99985978e-01 -1.20951340e+00 0.00000000e+00 0.00000000e+00 0.00000000e+00 1.00000000e+00
9.99977219e-01 -1.42673878e-03 -6.58922588e-03 1.64754533e-02 1.43369323e-03 9.99998474e-01 1.05079984e-03 1.67819528e-02 6.58771173e-03 -1.06022353e-03 9.99977790e-01 -1.19796891e+00 0.00000000e+00 0.00000000e+00 0.00000000e+00 1.00000000e+00
9.99971213e-01 -1.53520215e-03 -7.43870372e-03 1.77976363e-02 1.53710460e-03 9.99998760e-01 2.49944493e-04 1.67007667e-02 7.43831470e-03 -2.61369767e-04 9.99972260e-01 -1.18563765e+00 0.00000000e+00 0.00000000e+00 0.00000000e+00 1.00000000e+00
9.99964069e-01 -1.05156525e-03 -8.41103298e-03 1.32706030e-02 1.03986517e-03 9.99998437e-01 -1.39532424e-03 1.67478553e-02 8.41249248e-03 1.38652657e-03 9.99963688e-01 -1.17773060e+00 0.00000000e+00 0.00000000e+00 0.00000000e+00 1.00000000e+00
9.99945266e-01 -2.25100358e-03 -1.02109114e-02 1.53386758e-02 2.24607941e-03 9.99997435e-01 -4.93584124e-04 1.71739015e-02 1.02119930e-02 4.70623085e-04 9.99947727e-01 -1.16459690e+00 0.00000000e+00 0.00000000e+00 0.00000000e+00 1.00000000e+00
9.99913365e-01 -2.30833810e-03 -1.29589952e-02 1.80149490e-02 2.30560048e-03 9.99997310e-01 -2.26243986e-04 1.34597817e-02 1.29594856e-02 1.96346437e-04 9.99915958e-01 -1.14900164e+00 0.00000000e+00 0.00000000e+00 0.00000000e+00 1.00000000e+00
9.99888961e-01 -2.11014886e-03 -1.47506610e-02 1.64488705e-02 2.10042940e-03 9.99997570e-01 -6.74971281e-04 1.65999214e-02 1.47520523e-02 6.43914435e-04 9.99890991e-01 -1.13284932e+00 0.00000000e+00 0.00000000e+00 0.00000000e+00 1.00000000e+00
9.99864199e-01 -2.46402591e-03 -1.62989920e-02 1.82123638e-02 2.44313381e-03 9.99996178e-01 -1.30157188e-03 1.63410015e-02 1.63021357e-02 1.26157271e-03 9.99866368e-01 -1.12164319e+00 0.00000000e+00 0.00000000e+00 0.00000000e+00 1.00000000e+00
9.99842936e-01 -4.13759096e-04 -1.77153077e-02 1.27226665e-02 3.84088406e-04 9.99998438e-01 -1.67783187e-03 1.82984957e-02 1.77159996e-02 1.67076762e-03 9.99841632e-01 -1.11403248e+00 0.00000000e+00 0.00000000e+00 0.00000000e+00 1.00000000e+00
9.99816447e-01 3.75489251e-04 -1.91554731e-02 1.16218613e-02 -3.69109403e-04 9.99999947e-01 3.36704446e-04 1.77038716e-02 1.91555607e-02 -3.29576156e-04 9.99816440e-01 -1.09864639e+00 0.00000000e+00 0.00000000e+00 0.00000000e+00 1.00000000e+00
9.99791725e-01 1.03767016e-03 -2.03821270e-02 1.21013480e-02 -1.01583657e-03 9.99998883e-01 1.08126415e-03 1.48257882e-02 2.03832188e-02 -1.06033274e-03 9.99791658e-01 -1.08559972e+00 0.00000000e+00 0.00000000e+00 0.00000000e+00 1.00000000e+00
9.99775402e-01 2.67128741e-03 -2.10262894e-02 8.11746489e-03 -2.66235493e-03 9.99996352e-01 4.53219477e-04 1.59851739e-02 2.10274851e-02 -3.97139124e-04 9.99778894e-01 -1.07474216e+00 0.00000000e+00 0.00000000e+00 0.00000000e+00 1.00000000e+00
9.99745025e-01 4.95424182e-03 -2.20278556e-02 -5.35221995e-04 -5.00558129e-03 9.99984871e-01 -2.27633883e-03 1.92576154e-02 2.20162456e-02 2.38602202e-03 9.99754684e-01 -1.06365584e+00 0.00000000e+00 0.00000000e+00 0.00000000e+00 1.00000000e+00
9.99715475e-01 5.18998995e-03 -2.32835837e-02 -3.08109364e-03 -5.23590097e-03 9.99984411e-01 -1.91130911e-03 1.93743247e-02 2.32732245e-02 2.03267165e-03 9.99727079e-01 -1.05217109e+00 0.00000000e+00 0.00000000e+00 0.00000000e+00 1.00000000e+00
9.99692458e-01 5.42190748e-03 -2.41968667e-02 -9.16897466e-03 -5.41027050e-03 9.99985304e-01 5.46445461e-04 1.37704035e-02 2.41994572e-02 -4.15362137e-04 9.99707119e-01 -1.03962475e+00 0.00000000e+00 0.00000000e+00 0.00000000e+00 1.00000000e+00
9.99647909e-01 7.21988357e-03 -2.55365759e-02 -9.84895106e-03 -7.16448112e-03 9.99971711e-01 2.26028801e-03 1.11364791e-02 2.55521929e-02 -2.07653533e-03 9.99671265e-01 -1.02361160e+00 0.00000000e+00 0.00000000e+00 0.00000000e+00 1.00000000e+00
9.99631128e-01 4.17883457e-03 -2.68334535e-02 -1.20852373e-02 -4.17451610e-03 9.99991335e-01 2.16964657e-04 7.63040314e-03 2.68341738e-02 -1.04869413e-04 9.99639957e-01 -1.01491253e+00 0.00000000e+00 0.00000000e+00 0.00000000e+00 1.00000000e+00
9.99597693e-01 2.23125599e-03 -2.82760289e-02 -4.52719772e-03 -2.28921619e-03 9.99995324e-01 -2.01743851e-03 1.57687306e-02 2.82714207e-02 2.08135783e-03 9.99598143e-01 -1.00419344e+00 0.00000000e+00 0.00000000e+00 0.00000000e+00 1.00000000e+00
9.99568935e-01 3.51928158e-03 -2.91453737e-02 -1.16657723e-02 -3.59853440e-03 9.99989958e-01 -2.66725231e-03 1.58066310e-02 2.91356828e-02 2.77098074e-03 9.99571564e-01 -9.98987506e-01 0.00000000e+00 0.00000000e+00 0.00000000e+00 1.00000000e+00
9.99537391e-01 4.31995320e-03 -3.01050719e-02 -1.17845573e-02 -4.29193479e-03 9.99990312e-01 9.95466298e-04 1.52198149e-02 3.01090105e-02 -8.65796343e-04 9.99546271e-01 -9.84592288e-01 0.00000000e+00 0.00000000e+00 0.00000000e+00 1.00000000e+00
9.99514792e-01 1.16695891e-03 -3.11270221e-02 -6.83946839e-03 -1.03108211e-03 9.99989864e-01 4.38078416e-03 1.06963488e-02 3.11318905e-02 -4.34655754e-03 9.99505789e-01 -9.68493940e-01 0.00000000e+00 0.00000000e+00 0.00000000e+00 1.00000000e+00
9.99497738e-01 4.32893094e-03 -3.13919986e-02 -8.57861133e-03 -4.13165095e-03 9.99971272e-01 6.34675831e-03 7.44971825e-03 3.14185393e-02 -6.21387207e-03 9.99487054e-01 -9.59626637e-01 0.00000000e+00 0.00000000e+00 0.00000000e+00 1.00000000e+00
9.99489138e-01 4.25217588e-03 -3.16784551e-02 -9.40337171e-03 -4.12965792e-03 9.99983783e-01 3.93200574e-03 7.09345220e-03 3.16946867e-02 -3.79917429e-03 9.99490391e-01 -9.56379914e-01 0.00000000e+00 0.00000000e+00 0.00000000e+00 1.00000000e+00
9.99452214e-01 4.05359252e-04 -3.30924229e-02 -7.05751306e-03 -4.71603365e-04 9.99997871e-01 -1.99417390e-03 9.72022161e-03 3.30914980e-02 2.00868341e-03 9.99450317e-01 -9.54904824e-01 0.00000000e+00 0.00000000e+00 0.00000000e+00 1.00000000e+00
9.99366791e-01 -3.75793381e-03 -3.53815163e-02 1.17687302e-03 3.58711832e-03 9.99981654e-01 -4.88984519e-03 1.63904168e-02 3.53993469e-02 4.75982699e-03 9.99361884e-01 -9.54711536e-01 0.00000000e+00 0.00000000e+00 0.00000000e+00 1.00000000e+00
9.99319551e-01 -2.33122244e-03 -3.68112599e-02 -9.94102272e-04 2.18914587e-03 9.99989955e-01 -3.89964276e-03 2.01279899e-02 3.68198805e-02 3.81641334e-03 9.99314635e-01 -9.42354928e-01 0.00000000e+00 0.00000000e+00 0.00000000e+00 1.00000000e+00
9.99290348e-01 -2.39436271e-03 -3.75899343e-02 1.75788647e-03 2.61770026e-03 9.99979200e-01 5.89327787e-03 1.17866885e-02 3.75750090e-02 -5.98749239e-03 9.99275872e-01 -9.30413720e-01 0.00000000e+00 0.00000000e+00 0.00000000e+00 1.00000000e+00
9.99312014e-01 -2.31768762e-03 -3.70143565e-02 6.81853370e-04 2.61723299e-03 9.99964275e-01 8.04615749e-03 3.79159376e-03 3.69944936e-02 -8.13749677e-03 9.99282318e-01 -9.23642570e-01 0.00000000e+00 0.00000000e+00 0.00000000e+00 1.00000000e+00
9.99348087e-01 -7.31296519e-04 -3.60965946e-02 -3.85334207e-03 8.54679517e-04 9.99993774e-01 3.40274605e-03 4.24337481e-03 3.60938008e-02 -3.43138085e-03 9.99342488e-01 -9.17189268e-01 0.00000000e+00 0.00000000e+00 0.00000000e+00 1.00000000e+00
9.99361510e-01 1.44740104e-03 -3.56980835e-02 -8.10268805e-03 -1.54317720e-03 9.99995268e-01 -2.65545062e-03 1.12085607e-02 3.56940940e-02 2.70884274e-03 9.99359140e-01 -9.21893299e-01 0.00000000e+00 0.00000000e+00 0.00000000e+00 1.00000000e+00
9.99351393e-01 -6.25840646e-04 -3.60053503e-02 -6.15318317e-03 5.89354422e-04 9.99999346e-01 -1.02397984e-03 1.70538865e-02 3.60060444e-02 1.00209215e-03 9.99351060e-01 -9.12218327e-01 0.00000000e+00 0.00000000e+00 0.00000000e+00 1.00000000e+00
9.99351708e-01 1.76579568e-03 -3.59612374e-02 -8.84566335e-03 -1.63832545e-03 9.99992226e-01 3.57417133e-03 1.13572279e-02 3.59671615e-02 -3.51293246e-03 9.99346780e-01 -8.97992212e-01 0.00000000e+00 0.00000000e+00 0.00000000e+00 1.00000000e+00
9.99354644e-01 3.44223148e-04 -3.59189559e-02 -7.34970060e-03 -2.13833368e-04 9.99993411e-01 3.63377792e-03 6.61960496e-03 3.59200028e-02 -3.62374866e-03 9.99348114e-01 -8.99803993e-01 0.00000000e+00 0.00000000e+00 0.00000000e+00 1.00000000e+00
9.99353401e-01 -2.01907052e-03 -3.58972750e-02 -6.12493868e-03 2.06898786e-03 9.99996997e-01 1.35322324e-03 8.30724291e-03 3.58945026e-02 -1.42662032e-03 9.99354629e-01 -8.97055676e-01 0.00000000e+00 0.00000000e+00 0.00000000e+00 1.00000000e+00
9.99356565e-01 3.53817326e-04 -3.58662434e-02 -7.36927998e-03 -2.96671234e-04 9.99998641e-01 1.59866912e-03 1.11692727e-02 3.58667827e-02 -1.58700082e-03 9.99355272e-01 -9.02991094e-01 0.00000000e+00 0.00000000e+00 0.00000000e+00 1.00000000e+00
9.99357978e-01 -9.81114691e-04 -3.58136007e-02 -5.21683480e-03 1.22460935e-03 9.99976300e-01 6.77787493e-03 7.90868198e-03 3.58060282e-02 -6.81738076e-03 9.99335466e-01 -9.01098745e-01 0.00000000e+00 0.00000000e+00 0.00000000e+00 1.00000000e+00
9.99332162e-01 -1.55679086e-03 -3.65060178e-02 9.15079196e-03 1.92044556e-03 9.99948868e-01 9.92828530e-03 1.88415606e-02 3.64887092e-02 -9.99176514e-03 9.99284168e-01 -9.04684321e-01 0.00000000e+00 0.00000000e+00 0.00000000e+00 1.00000000e+00
9.99331503e-01 -1.14725434e-03 -3.65433384e-02 2.07002390e-02 1.48372133e-03 9.99956751e-01 9.18161579e-03 2.27943685e-02 3.65313004e-02 -9.22969100e-03 9.99289839e-01 -9.18678772e-01 0.00000000e+00 0.00000000e+00 0.00000000e+00 1.00000000e+00
9.99318984e-01 -3.13334638e-03 -3.67653046e-02 2.53556029e-02 3.27902142e-03 9.99986940e-01 3.90277967e-03 2.79157621e-02 3.67525543e-02 -4.02067002e-03 9.99316269e-01 -9.26436978e-01 0.00000000e+00 0.00000000e+00 0.00000000e+00 1.00000000e+00
9.99314847e-01 -3.33382799e-03 -3.68627069e-02 1.26753577e-02 3.24645101e-03 9.99991816e-01 -2.43010134e-03 2.33830980e-02 3.68704597e-02 2.30875595e-03 9.99317401e-01 -9.27614012e-01 0.00000000e+00 0.00000000e+00 0.00000000e+00 1.00000000e+00
9.99310652e-01 -5.34411510e-03 -3.67354255e-02 2.14080152e-02 5.17922479e-03 9.99976079e-01 -4.58217021e-03 3.14591355e-02 3.67590382e-02 4.38875107e-03 9.99314547e-01 -9.36098632e-01 0.00000000e+00 0.00000000e+00 0.00000000e+00 1.00000000e+00
9.99285077e-01 -4.76959847e-03 -3.75053516e-02 1.07654094e-02 4.72461557e-03 9.99988037e-01 -1.28807629e-03 2.36735797e-02 3.75111038e-02 1.10995726e-03 9.99295570e-01 -9.28640517e-01 0.00000000e+00 0.00000000e+00 0.00000000e+00 1.00000000e+00
9.99255562e-01 -7.40243829e-03 -3.78624290e-02 2.05575023e-02 7.40769844e-03 9.99972534e-01 -1.28939379e-06 2.34047509e-02 3.78613026e-02 -2.79190561e-04 9.99282948e-01 -9.39244147e-01 0.00000000e+00 0.00000000e+00 0.00000000e+00 1.00000000e+00
9.99259893e-01 -6.13690623e-03 -3.79743232e-02 1.52774135e-02 6.13910409e-03 9.99981186e-01 -5.87995601e-05 1.67122245e-02 3.79740437e-02 -1.74372536e-04 9.99278754e-01 -9.39944888e-01 0.00000000e+00 0.00000000e+00 0.00000000e+00 1.00000000e+00
9.99275151e-01 -3.63084324e-03 -3.78940752e-02 9.11357373e-03 3.55259403e-03 9.99991362e-01 -2.13207487e-03 1.81814452e-02 3.79014405e-02 1.99591541e-03 9.99279502e-01 -9.46431203e-01 0.00000000e+00 0.00000000e+00 0.00000000e+00 1.00000000e+00
9.99292747e-01 -1.47002857e-03 -3.75733129e-02 6.27973095e-03 1.44044780e-03 9.99998637e-01 -8.14278875e-04 2.49534566e-02 3.75744994e-02 7.59580804e-04 9.99293525e-01 -9.50657088e-01 0.00000000e+00 0.00000000e+00 0.00000000e+00 1.00000000e+00
9.99319707e-01 -2.23171460e-05 -3.68795798e-02 5.91852739e-03 -8.82784972e-06 9.99999628e-01 -8.44419575e-04 3.98264523e-02 3.68795549e-02 8.44164904e-04 9.99319393e-01 -9.58429032e-01 0.00000000e+00 0.00000000e+00 0.00000000e+00 1.00000000e+00
9.99347368e-01 1.31712514e-03 -3.60989719e-02 -7.62011506e-04 -1.34042198e-03 9.99998917e-01 -6.21164360e-04 3.71348094e-02 3.60981756e-02 6.69152723e-04 9.99348007e-01 -9.60136619e-01 0.00000000e+00 0.00000000e+00 0.00000000e+00 1.00000000e+00
9.99357770e-01 6.90760654e-03 -3.51632482e-02 -6.23294986e-03 -6.93004781e-03 9.99975934e-01 -5.16331359e-04 3.04868977e-02 3.51588292e-02 7.59683041e-04 9.99381412e-01 -9.64090590e-01 0.00000000e+00 0.00000000e+00 0.00000000e+00 1.00000000e+00
9.99418792e-01 3.13053777e-03 -3.39451620e-02 -7.63079417e-03 -3.00623525e-03 9.99988498e-01 3.71229980e-03 3.06184183e-02 3.39563564e-02 -3.60809887e-03 9.99416874e-01 -9.60673436e-01 0.00000000e+00 0.00000000e+00 0.00000000e+00 1.00000000e+00
9.99461856e-01 -2.24776407e-04 -3.27994970e-02 8.10033449e-04 4.14829279e-04 9.99983213e-01 5.78767509e-03 1.84296310e-02 3.27976293e-02 -5.79816675e-03 9.99445110e-01 -9.63421345e-01 0.00000000e+00 0.00000000e+00 0.00000000e+00 1.00000000e+00
9.99544759e-01 5.96305007e-03 -2.95761885e-02 -6.27252835e-03 -5.84376976e-03 9.99974481e-01 4.11795102e-03 3.09247390e-02 2.95999958e-02 -3.94324104e-03 9.99554117e-01 -9.65216293e-01 0.00000000e+00 0.00000000e+00 0.00000000e+00 1.00000000e+00
9.99666027e-01 2.13247944e-03 -2.57563532e-02 -7.51753735e-03 -2.14100740e-03 9.99997604e-01 -3.03870227e-04 2.21851242e-02 2.57556378e-02 3.58913834e-04 9.99668179e-01 -9.71616536e-01 0.00000000e+00 0.00000000e+00 0.00000000e+00 1.00000000e+00
9.99745215e-01 2.86276647e-04 -2.25703685e-02 -3.34819290e-04 -3.74889969e-04 9.99992252e-01 -3.92151287e-03 2.98915052e-02 2.25690713e-02 3.92897402e-03 9.99737596e-01 -9.82042778e-01 0.00000000e+00 0.00000000e+00 0.00000000e+00 1.00000000e+00
9.99816981e-01 -1.68284273e-04 -1.91259989e-02 -2.50068690e-03 1.06888863e-04 9.99994854e-01 -3.21116113e-03 2.55325694e-02 1.91264428e-02 3.20853827e-03 9.99811930e-01 -9.83721816e-01 0.00000000e+00 0.00000000e+00 0.00000000e+00 1.00000000e+00
9.99861748e-01 1.59208769e-03 -1.65527647e-02 -1.84299357e-03 -1.54485750e-03 9.99994658e-01 2.86550607e-03 4.23283696e-02 1.65572430e-02 -2.83954916e-03 9.99858819e-01 -9.80259996e-01 0.00000000e+00 0.00000000e+00 0.00000000e+00 1.00000000e+00
9.99887153e-01 2.34146518e-03 -1.48383926e-02 -5.54331866e-03 -2.25751739e-03 9.99981439e-01 5.67147483e-03 3.18970891e-02 1.48513934e-02 -5.63732515e-03 9.99873884e-01 -9.84011824e-01 0.00000000e+00 0.00000000e+00 0.00000000e+00 1.00000000e+00
9.99918963e-01 4.04358583e-03 -1.20738250e-02 -6.38316366e-03 -3.99807807e-03 9.99984794e-01 3.79172458e-03 2.71996439e-02 1.20889739e-02 -3.74315533e-03 9.99919852e-01 -9.88932292e-01 0.00000000e+00 0.00000000e+00 0.00000000e+00 1.00000000e+00
9.99939945e-01 5.71578763e-03 -9.35330562e-03 -9.33987730e-03 -5.68308871e-03 9.99977703e-01 3.51880411e-03 3.11237837e-02 9.37320877e-03 -3.46543835e-03 9.99950116e-01 -9.94004356e-01 0.00000000e+00 0.00000000e+00 0.00000000e+00 1.00000000e+00
9.99976894e-01 3.37869296e-03 -5.88765228e-03 -9.33900398e-03 -3.35021478e-03 9.99982639e-01 4.83910177e-03 2.30227055e-02 5.90389901e-03 -4.81926448e-03 9.99970919e-01 -9.94747889e-01 0.00000000e+00 0.00000000e+00 0.00000000e+00 1.00000000e+00
9.99991542e-01 1.75940643e-03 -3.73533374e-03 -4.70956872e-03 -1.73979569e-03 9.99984725e-01 5.24880121e-03 2.41901086e-02 3.74452011e-03 -5.24224361e-03 9.99979223e-01 -9.95933413e-01 0.00000000e+00 0.00000000e+00 0.00000000e+00 1.00000000e+00
9.99993670e-01 2.12987088e-03 -2.85334941e-03 -6.24314262e-03 -2.11990236e-03 9.99991628e-01 3.48989594e-03 1.69655341e-02 2.86075445e-03 -3.48382395e-03 9.99989902e-01 -1.00387748e+00 0.00000000e+00 0.00000000e+00 0.00000000e+00 1.00000000e+00
9.99996209e-01 3.20861252e-04 -2.71880674e-03 -2.99518884e-03 -3.11217255e-04 9.99993698e-01 3.54533451e-03 2.02984062e-02 2.71992528e-03 -3.54447897e-03 9.99990013e-01 -1.00628026e+00 0.00000000e+00 0.00000000e+00 0.00000000e+00 1.00000000e+00
9.99996859e-01 7.61415093e-04 -2.41273200e-03 -3.27988624e-03 -7.55332618e-04 9.99996470e-01 2.52433222e-03 1.55918392e-02 2.41465361e-03 -2.52249496e-03 9.99993855e-01 -1.00841498e+00 0.00000000e+00 0.00000000e+00 0.00000000e+00 1.00000000e+00
9.99997530e-01 9.62482733e-04 -1.96267660e-03 -4.33077750e-03 -9.54474705e-04 9.99991265e-01 4.07515922e-03 1.56794018e-02 1.96657204e-03 -4.07328794e-03 9.99989818e-01 -1.01001788e+00 0.00000000e+00 0.00000000e+00 0.00000000e+00 1.00000000e+00
9.99994295e-01 2.59616112e-03 -2.18888524e-03 -1.23056231e-02 -2.59292175e-03 9.99995518e-01 1.48302655e-03 2.54655921e-02 2.19273479e-03 -1.47734136e-03 9.99996470e-01 -1.01707359e+00 0.00000000e+00 0.00000000e+00 0.00000000e+00 1.00000000e+00
9.99997847e-01 1.80148099e-04 -2.04370664e-03 -9.28010956e-03 -1.82034174e-04 9.99999562e-01 -9.18477094e-04 2.90598738e-02 2.04353602e-03 9.18857670e-04 9.99997496e-01 -1.02562440e+00 0.00000000e+00 0.00000000e+00 0.00000000e+00 1.00000000e+00
9.99996198e-01 -1.29861444e-03 -2.42569457e-03 -6.41394011e-03 1.29580125e-03 9.99998534e-01 -1.16414173e-03 2.49315627e-02 2.42719840e-03 1.16098268e-03 9.99996425e-01 -1.02651425e+00 0.00000000e+00 0.00000000e+00 0.00000000e+00 1.00000000e+00
9.99997932e-01 4.08711812e-04 -2.02019281e-03 -7.96228778e-03 -4.05573388e-04 9.99998747e-01 1.55402040e-03 1.87799759e-02 2.02082525e-03 -1.55319231e-03 9.99996716e-01 -1.02678812e+00 0.00000000e+00 0.00000000e+00 0.00000000e+00 1.00000000e+00
9.99996201e-01 -1.34958987e-03 -2.40415102e-03 -5.43258204e-03 1.35447177e-03 9.99996956e-01 2.03053116e-03 1.82507440e-02 2.40141683e-03 -2.03378512e-03 9.99995022e-01 -1.03022526e+00 0.00000000e+00 0.00000000e+00 0.00000000e+00 1.00000000e+00
9.99995648e-01 -1.51657878e-03 -2.53391068e-03 -8.65195442e-03 1.52344432e-03 9.99995159e-01 2.71225474e-03 1.89973877e-02 2.52980900e-03 -2.71610006e-03 9.99993153e-01 -1.03787259e+00 0.00000000e+00 0.00000000e+00 0.00000000e+00 1.00000000e+00
9.99994368e-01 -2.33716864e-03 -2.41611095e-03 -8.58358577e-03 2.34591499e-03 9.99990667e-01 3.62296361e-03 1.78781350e-02 2.40759539e-03 -3.62860334e-03 9.99990496e-01 -1.04230366e+00 0.00000000e+00 0.00000000e+00 0.00000000e+00 1.00000000e+00
9.99991986e-01 -3.46123012e-03 -1.98823995e-03 -5.66672724e-03 3.47066176e-03 9.99982692e-01 4.75949656e-03 1.32616365e-02 1.97166171e-03 -4.76636680e-03 9.99986731e-01 -1.04449356e+00 0.00000000e+00 0.00000000e+00 0.00000000e+00 1.00000000e+00
9.99994264e-01 -2.42104348e-03 -2.36369242e-03 -7.11127644e-03 2.42782638e-03 9.99992924e-01 2.86824422e-03 1.29802075e-02 2.35674214e-03 -2.87396239e-03 9.99993070e-01 -1.05102364e+00 0.00000000e+00 0.00000000e+00 0.00000000e+00 1.00000000e+00
9.99994788e-01 -1.98061012e-03 -2.55987889e-03 -5.32826777e-03 1.97739606e-03 9.99997300e-01 -1.25792095e-03 1.16169938e-02 2.56232933e-03 1.25284708e-03 9.99995958e-01 -1.05475737e+00 0.00000000e+00 0.00000000e+00 0.00000000e+00 1.00000000e+00
9.99989463e-01 -3.59900044e-03 -2.84195458e-03 -5.29520352e-03 3.58732890e-03 9.99985140e-01 -4.09899964e-03 2.57064506e-02 2.85666093e-03 4.08876978e-03 9.99987544e-01 -1.06680045e+00 0.00000000e+00 0.00000000e+00 0.00000000e+00 1.00000000e+00
9.99996618e-01 -3.25762933e-04 -2.57603009e-03 -8.09270228e-03 3.21618860e-04 9.99998653e-01 -1.61370650e-03 2.06044428e-02 2.57669367e-03 1.61286971e-03 9.99995414e-01 -1.06552262e+00 0.00000000e+00 0.00000000e+00 0.00000000e+00 1.00000000e+00
9.99998161e-01 -4.18523353e-04 -1.89680516e-03 -8.85141360e-03 4.19090353e-04 9.99999885e-01 3.05216891e-04 1.85440761e-02 1.89664241e-03 -3.06019602e-04 9.99998065e-01 -1.06792411e+00 0.00000000e+00 0.00000000e+00 0.00000000e+00 1.00000000e+00
9.99998130e-01 1.30197408e-03 -1.42893352e-03 -1.01371905e-02 -1.29816854e-03 9.99995608e-01 2.65802245e-03 1.28086375e-02 1.43244540e-03 -2.65614914e-03 9.99995495e-01 -1.06806300e+00 0.00000000e+00 0.00000000e+00 0.00000000e+00 1.00000000e+00
9.99999675e-01 4.83032905e-04 -6.63477995e-04 -1.04253303e-02 -4.81202771e-04 9.99996123e-01 2.75297647e-03 1.25504695e-02 6.64684453e-04 -2.75266104e-03 9.99996001e-01 -1.07114064e+00 0.00000000e+00 0.00000000e+00 0.00000000e+00 1.00000000e+00
9.99999537e-01 -8.52846447e-04 -3.71952174e-04 -9.07732209e-03 8.53333024e-04 9.99998795e-01 1.29337490e-03 1.52212906e-02 3.70980994e-04 -1.29369504e-03 9.99999056e-01 -1.08124817e+00 0.00000000e+00 0.00000000e+00 0.00000000e+00 1.00000000e+00
9.99994440e-01 -3.31943387e-03 3.84058100e-04 -4.58148705e-03 3.31995980e-03 9.99993476e-01 -1.38841716e-03 1.50860519e-02 -3.79513609e-04 1.38969293e-03 9.99999034e-01 -1.08498341e+00 0.00000000e+00 0.00000000e+00 0.00000000e+00 1.00000000e+00
9.99992918e-01 -3.75325868e-03 4.64728139e-05 -3.54169388e-03 3.75325027e-03 9.99992922e-01 1.18764533e-04 1.77036185e-02 -4.69283225e-05 -1.18591540e-04 9.99999949e-01 -1.08672222e+00 0.00000000e+00 0.00000000e+00 0.00000000e+00 1.00000000e+00
9.99993176e-01 -3.70178386e-03 1.73929243e-04 -1.45960765e-03 3.70156118e-03 9.99992366e-01 1.31269285e-03 1.36675472e-02 -1.78744221e-04 -1.31204834e-03 9.99999157e-01 -1.08774142e+00 0.00000000e+00 0.00000000e+00 0.00000000e+00 1.00000000e+00
9.99991768e-01 -4.05290166e-03 -7.33884823e-05 -2.86652708e-03 4.05295699e-03 9.99991374e-01 8.28585655e-04 1.62771173e-02 6.99933457e-05 -8.28871935e-04 9.99999651e-01 -1.09451619e+00 0.00000000e+00 0.00000000e+00 0.00000000e+00 1.00000000e+00
9.99993365e-01 -3.63454045e-03 -2.19013031e-04 -2.06447862e-03 3.63443852e-03 9.99993292e-01 -4.64689838e-04 1.55055001e-02 2.20707359e-04 4.63895474e-04 9.99999838e-01 -1.10225716e+00 0.00000000e+00 0.00000000e+00 0.00000000e+00 1.00000000e+00
9.99999896e-01 -1.24166529e-04 -3.87969332e-04 -1.02456162e-02 1.22244848e-04 9.99987740e-01 -4.95507377e-03 1.73500281e-02 3.88593741e-04 4.95502355e-03 9.99987665e-01 -1.11855291e+00 0.00000000e+00 0.00000000e+00 0.00000000e+00 1.00000000e+00
9.99995404e-01 2.97918102e-03 -5.11631236e-04 -9.46407425e-03 -2.98359433e-03 9.99956369e-01 -8.85247697e-03 1.24235111e-02 4.85202670e-04 8.85395818e-03 9.99960690e-01 -1.11461374e+00 0.00000000e+00 0.00000000e+00 0.00000000e+00 1.00000000e+00
9.99989048e-01 4.67491758e-03 -3.06928903e-04 -1.44458491e-02 -4.67703378e-03 9.99962613e-01 -7.27481138e-03 8.18154003e-03 2.72904763e-04 7.27616407e-03 9.99973506e-01 -1.12160475e+00 0.00000000e+00 0.00000000e+00 0.00000000e+00 1.00000000e+00
9.99961151e-01 8.80967620e-03 3.14450220e-04 -2.08593556e-02 -8.81018978e-03 9.99959745e-01 1.66698120e-03 1.56018298e-03 -2.99767900e-04 -1.66967672e-03 9.99998556e-01 -1.11373351e+00 0.00000000e+00 0.00000000e+00 0.00000000e+00 1.00000000e+00
9.99980313e-01 6.21055898e-03 8.90464870e-04 -2.00119824e-02 -6.21516355e-03 9.99966843e-01 5.26223797e-03 -5.07328139e-03 -8.57748594e-04 -5.26767543e-03 9.99985698e-01 -1.11585423e+00 0.00000000e+00 0.00000000e+00 0.00000000e+00 1.00000000e+00
9.99993905e-01 3.42471859e-03 6.62743752e-04 -1.38416315e-02 -3.42819442e-03 9.99979988e-01 5.31594241e-03 -2.02453562e-03 -6.44601346e-04 -5.31816898e-03 9.99985698e-01 -1.12048732e+00 0.00000000e+00 0.00000000e+00 0.00000000e+00 1.00000000e+00
9.99999118e-01 1.14241294e-03 6.54631039e-04 -1.05554157e-02 -1.14481317e-03 9.99992605e-01 3.68873163e-03 8.87536403e-04 -6.50350342e-04 -3.68948991e-03 9.99993006e-01 -1.12502104e+00 0.00000000e+00 0.00000000e+00 0.00000000e+00 1.00000000e+00
9.99996175e-01 -2.78656981e-03 1.78752642e-04 -4.52812481e-03 2.78669224e-03 9.99995894e-01 -6.43017648e-04 1.98023609e-03 -1.76917922e-04 6.43513104e-04 9.99999688e-01 -1.13587398e+00 0.00000000e+00 0.00000000e+00 0.00000000e+00 1.00000000e+00
9.99997673e-01 -2.11605065e-03 3.91983036e-04 -4.59426472e-03 2.11792116e-03 9.99985848e-01 -4.87225440e-03 1.03677460e-02 -3.81632709e-04 4.87307023e-03 9.99988139e-01 -1.14360618e+00 0.00000000e+00 0.00000000e+00 0.00000000e+00 1.00000000e+00
9.99998773e-01 -1.54453750e-03 2.92981786e-04 -3.51634314e-03 1.54536059e-03 9.99994916e-01 -2.81627919e-03 6.17689133e-03 -2.88699987e-04 2.81672103e-03 9.99995917e-01 -1.14706257e+00 0.00000000e+00 0.00000000e+00 0.00000000e+00 1.00000000e+00
9.99999059e-01 -1.34734339e-03 2.07533299e-04 -3.38715715e-03 1.34714216e-03 9.99998589e-01 9.81438005e-04 5.27933085e-03 -2.08796596e-04 -9.81145913e-04 9.99999576e-01 -1.14279118e+00 0.00000000e+00 0.00000000e+00 0.00000000e+00 1.00000000e+00
9.99999896e-01 2.47516652e-04 1.88582807e-04 -6.70911073e-03 -2.48364537e-04 9.99990018e-01 4.46427411e-03 2.11745765e-03 -1.87532480e-04 -4.46433052e-03 9.99989928e-01 -1.14736778e+00 0.00000000e+00 0.00000000e+00 0.00000000e+00 1.00000000e+00
9.99999729e-01 3.81303689e-04 6.71921356e-04 -7.59798448e-03 -3.83929232e-04 9.99992146e-01 3.92836212e-03 2.09570368e-03 -6.70397482e-04 -3.92861003e-03 9.99992095e-01 -1.15021066e+00 0.00000000e+00 0.00000000e+00 0.00000000e+00 1.00000000e+00
9.99999985e-01 8.31897747e-05 3.69340600e-04 -6.90043837e-03 -8.28258711e-05 9.99999515e-01 -1.01371952e-03 4.89343253e-03 -3.69426969e-04 1.01368890e-03 9.99999451e-01 -1.16208360e+00 0.00000000e+00 0.00000000e+00 0.00000000e+00 1.00000000e+00
9.99999187e-01 1.17380666e-03 4.48049382e-04 -8.69195574e-03 -1.17006301e-03 9.99965345e-01 -8.24342249e-03 1.31219609e-02 -4.57703573e-04 8.24288375e-03 9.99965855e-01 -1.17360863e+00 0.00000000e+00 0.00000000e+00 0.00000000e+00 1.00000000e+00
9.99999929e-01 -2.07804303e-04 -1.80990248e-04 -6.56736732e-03 2.07652034e-04 9.99999656e-01 -8.43680665e-04 1.15097495e-02 1.81207482e-04 8.43647919e-04 9.99999694e-01 -1.16884484e+00 0.00000000e+00 0.00000000e+00 0.00000000e+00 1.00000000e+00
9.99997655e-01 -2.15363289e-03 2.45522304e-04 -3.17064387e-03 2.15277936e-03 9.99991907e-01 3.39725129e-03 3.62966984e-03 -2.52882809e-04 -3.39671026e-03 9.99994157e-01 -1.16783459e+00 0.00000000e+00 0.00000000e+00 0.00000000e+00 1.00000000e+00
9.99999806e-01 -5.02392620e-04 2.86487760e-04 -5.22970189e-03 5.01457184e-04 9.99994521e-01 3.27118871e-03 1.68350407e-03 -2.88183085e-04 -3.27104556e-03 9.99994613e-01 -1.17177105e+00 0.00000000e+00 0.00000000e+00 0.00000000e+00 1.00000000e+00
9.99999627e-01 -8.52913019e-04 1.53514906e-04 -4.29481420e-03 8.52976975e-04 9.99999545e-01 -4.07361308e-04 8.13515751e-03 -1.53114916e-04 4.07487532e-04 9.99999899e-01 -1.18583046e+00 0.00000000e+00 0.00000000e+00 0.00000000e+00 1.00000000e+00
9.99999579e-01 -7.76291411e-04 5.04299301e-04 -4.42109589e-03 7.77907519e-04 9.99994443e-01 -3.21741794e-03 1.25628988e-02 -5.01850886e-04 3.21781639e-03 9.99994668e-01 -1.17188217e+00 0.00000000e+00 0.00000000e+00 0.00000000e+00 1.00000000e+00
9.99999120e-01 9.12077263e-04 9.45159536e-04 -7.52571171e-03 -9.10754001e-04 9.99998681e-01 -1.40125225e-03 1.22783073e-02 -9.46428087e-04 1.40038691e-03 9.99998640e-01 -1.17397773e+00 0.00000000e+00 0.00000000e+00 0.00000000e+00 1.00000000e+00
9.99997890e-01 1.54633054e-03 1.37205590e-03 -9.09366443e-03 -1.54640355e-03 9.99998799e-01 5.32245107e-05 8.75994431e-03 -1.37189258e-03 -5.53486081e-05 9.99999067e-01 -1.18111910e+00 0.00000000e+00 0.00000000e+00 0.00000000e+00 1.00000000e+00
9.99995510e-01 2.80800662e-03 1.01153322e-03 -1.25962314e-02 -2.80815674e-03 9.99995992e-01 1.52381089e-04 -3.50407032e-03 -1.01109536e-03 -1.55222357e-04 9.99999411e-01 -1.18525083e+00 0.00000000e+00 0.00000000e+00 0.00000000e+00 1.00000000e+00
9.99999267e-01 -2.36905522e-04 1.19125996e-03 -9.15438375e-03 2.37409555e-04 9.99999938e-01 -4.24708530e-04 2.91980509e-03 -1.19119848e-03 4.24992133e-04 9.99999264e-01 -1.19818712e+00 0.00000000e+00 0.00000000e+00 0.00000000e+00 1.00000000e+00
9.99998274e-01 1.37855987e-03 1.31343633e-03 -1.08735440e-02 -1.37943726e-03 9.99998813e-01 6.64363344e-04 -1.96342391e-03 -1.31255451e-03 -6.66177149e-04 9.99998845e-01 -1.19771932e+00 0.00000000e+00 0.00000000e+00 0.00000000e+00 1.00000000e+00
9.99999365e-01 2.91048685e-04 1.03058591e-03 -1.00373235e-02 -2.88403205e-04 9.99996651e-01 -2.56318907e-03 9.79163124e-03 -1.03126903e-03 2.56290543e-03 9.99996280e-01 -1.21991599e+00 0.00000000e+00 0.00000000e+00 0.00000000e+00 1.00000000e+00
9.99998637e-01 -1.26590731e-03 1.10298367e-03 -7.16309106e-03 1.26641523e-03 9.99999095e-01 -4.64737009e-04 1.07511378e-02 -1.10238667e-03 4.66122869e-04 9.99999204e-01 -1.22409146e+00 0.00000000e+00 0.00000000e+00 0.00000000e+00 1.00000000e+00
9.99998586e-01 1.11224880e-03 1.24891533e-03 -9.36576053e-03 -1.11155663e-03 9.99999272e-01 -5.57141029e-04 1.12368742e-02 -1.24958542e-03 5.55747475e-04 9.99999128e-01 -1.22429558e+00 0.00000000e+00 0.00000000e+00 0.00000000e+00 1.00000000e+00
9.99997430e-01 -1.47753568e-03 1.68664393e-03 -7.50373440e-03 1.47633466e-03 9.99998609e-01 7.15012852e-04 1.20608044e-02 -1.68768302e-03 -7.12516228e-04 9.99998291e-01 -1.23143140e+00 0.00000000e+00 0.00000000e+00 0.00000000e+00 1.00000000e+00
9.99998710e-01 4.68572102e-04 1.55361202e-03 -8.99071594e-03 -4.73144584e-04 9.99995522e-01 2.94070335e-03 8.32986945e-03 -1.55225337e-03 -2.94143394e-03 9.99994456e-01 -1.23204298e+00 0.00000000e+00 0.00000000e+00 0.00000000e+00 1.00000000e+00
9.99997811e-01 -1.69894345e-03 1.27166866e-03 -5.74997302e-03 1.69901584e-03 9.99998567e-01 -5.16707730e-05 7.90968759e-03 -1.27150948e-03 5.38287196e-05 9.99999242e-01 -1.23881825e+00 0.00000000e+00 0.00000000e+00 0.00000000e+00 1.00000000e+00
9.99991298e-01 -4.09687919e-03 6.93399667e-04 1.06302973e-02 4.09845220e-03 9.99989018e-01 -2.27433733e-03 8.38019419e-03 -6.84088925e-04 2.27716192e-03 9.99997118e-01 -1.23932038e+00 0.00000000e+00 0.00000000e+00 0.00000000e+00 1.00000000e+00
9.99997094e-01 -2.41258473e-03 3.18514922e-04 6.46147300e-03 2.41214747e-03 9.99996218e-01 1.36886861e-03 6.94173754e-03 -3.21825642e-04 -1.36810427e-03 9.99999002e-01 -1.24115260e+00 0.00000000e+00 0.00000000e+00 0.00000000e+00 1.00000000e+00
9.99996630e-01 -2.59414842e-03 -1.21274546e-04 7.22888712e-03 2.59418805e-03 9.99996543e-01 3.68975549e-04 8.19174917e-03 1.20259892e-04 -3.69282935e-04 9.99999908e-01 -1.24934652e+00 0.00000000e+00 0.00000000e+00 0.00000000e+00 1.00000000e+00
9.99995261e-01 -2.92928613e-03 -8.97400221e-04 4.95700701e-03 2.92677395e-03 9.99991829e-01 -2.78841604e-03 1.15520883e-02 9.05616793e-04 2.78578415e-03 9.99995794e-01 -1.25455696e+00 0.00000000e+00 0.00000000e+00 0.00000000e+00 1.00000000e+00
9.99996822e-01 -2.24234371e-03 -1.14956654e-03 6.44795437e-03 2.24089711e-03 9.99996723e-01 -1.26154714e-03 1.28312900e-02 1.15230762e-03 1.25895118e-03 9.99998452e-01 -1.25783139e+00 0.00000000e+00 0.00000000e+00 0.00000000e+00 1.00000000e+00
9.99997695e-01 -1.74924598e-03 -1.23751146e-03 2.68574545e-03 1.74869682e-03 9.99998324e-01 -4.46253314e-04 1.11522412e-02 1.23840458e-03 4.44099973e-04 9.99999229e-01 -1.25652009e+00 0.00000000e+00 0.00000000e+00 0.00000000e+00 1.00000000e+00
9.99998519e-01 -4.03755008e-04 -1.70458048e-03 1.35008471e-03 4.03633782e-04 9.99999968e-01 -6.62442795e-05 1.34785095e-02 1.70447774e-03 6.55492295e-05 9.99998446e-01 -1.25892473e+00 0.00000000e+00 0.00000000e+00 0.00000000e+00 1.00000000e+00
9.99997347e-01 1.65366907e-04 -2.29758783e-03 -1.59162171e-03 -1.68461622e-04 9.99998997e-01 -1.34590526e-03 1.28542589e-02 2.29740890e-03 1.34629101e-03 9.99996533e-01 -1.25919195e+00 0.00000000e+00 0.00000000e+00 0.00000000e+00 1.00000000e+00
9.99989144e-01 -3.67705299e-03 -2.86217516e-03 3.57906753e-03 3.66395225e-03 9.99982836e-01 -4.57109124e-03 1.77723943e-02 2.87897491e-03 4.56055798e-03 9.99985434e-01 -1.25990453e+00 0.00000000e+00 0.00000000e+00 0.00000000e+00 1.00000000e+00
9.99991440e-01 -5.93839783e-04 -4.09267554e-03 1.37650194e-04 5.92402472e-04 9.99999776e-01 -3.52471522e-04 1.57784984e-02 4.09288351e-03 3.50047868e-04 9.99991598e-01 -1.25186193e+00 0.00000000e+00 0.00000000e+00 0.00000000e+00 1.00000000e+00
9.99967615e-01 -6.00452900e-03 -5.35716463e-03 7.45011976e-03 6.03413165e-03 9.99966540e-01 5.52656748e-03 1.12383424e-02 5.32381772e-03 -5.55872002e-03 9.99970296e-01 -1.23824255e+00 0.00000000e+00 0.00000000e+00 0.00000000e+00 1.00000000e+00
9.99973282e-01 7.63609546e-04 -7.27414958e-03 2.42553957e-03 -7.24844618e-04 9.99985561e-01 5.33036081e-03 7.39241611e-03 7.27810172e-03 -5.32493547e-03 9.99959394e-01 -1.24936076e+00 0.00000000e+00 0.00000000e+00 0.00000000e+00 1.00000000e+00
