9.99998541e-01 -7.05571549e-04 -1.53658041e-03 1.24766734e-02 7.12213265e-04 9.99990379e-01 4.32594753e-03 1.29689983e-02 1.53351354e-03 -4.32703492e-03 9.99989425e-01 -9.61760126e-01 0.00000000e+00 0.00000000e+00 0.00000000e+00 1.00000000e+00
9.99997627e-01 2.09808735e-03 -5.94511218e-04 8.05031695e-03 -2.09755441e-03 9.99997394e-01 8.97070700e-04 1.08776764e-02 5.96392786e-04 -8.95821559e-04 9.99999450e-01 -9.63227178e-01 0.00000000e+00 0.00000000e+00 0.00000000e+00 1.00000000e+00
9.99998877e-01 1.48175527e-03 -8.00955942e-05 1.62725723e-02 -1.48208743e-03 9.99989566e-01 -4.31187137e-03 2.94526377e-02 7.37045754e-05 4.31198497e-03 9.99990680e-01 -9.63163108e-01 0.00000000e+00 0.00000000e+00 0.00000000e+00 1.00000000e+00
9.99998653e-01 1.49374712e-03 7.41806711e-04 1.50918977e-02 -1.48892456e-03 9.99978043e-01 -6.46085380e-03 3.68774293e-02 -7.51441113e-04 6.45973923e-03 9.99978883e-01 -9.60047636e-01 0.00000000e+00 0.00000000e+00 0.00000000e+00 1.00000000e+00
9.99989235e-01 4.42261154e-03 1.38537569e-03 9.07044359e-03 -4.42382695e-03 9.99989883e-01 8.74655104e-04 3.15671831e-02 -1.38149360e-03 -8.80773340e-04 9.99998600e-01 -9.58101554e-01 0.00000000e+00 0.00000000e+00 0.00000000e+00 1.00000000e+00
9.99995706e-01 2.73754225e-03 1.07732851e-03 1.05653978e-02 -2.74080661e-03 9.99991593e-01 3.03912451e-03 2.40323634e-02 -1.06899990e-03 -3.04206446e-03 9.99994873e-01 -9.32380142e-01 0.00000000e+00 0.00000000e+00 0.00000000e+00 1.00000000e+00
9.99999471e-01 5.61785895e-04 8.36193303e-04 9.25057432e-03 -5.64346637e-04 9.99995118e-01 3.06159541e-03 7.21358706e-03 -8.34469612e-04 -3.06206480e-03 9.99994874e-01 -9.37466669e-01 0.00000000e+00 0.00000000e+00 0.00000000e+00 1.00000000e+00
9.99999492e-01 -6.27615789e-04 8.11681123e-04 1.16634252e-02 6.27100544e-04 9.99999644e-01 6.43067097e-04 1.22139305e-02 -8.12084219e-04 -6.42558372e-04 9.99999532e-01 -9.29823336e-01 0.00000000e+00 0.00000000e+00 0.00000000e+00 1.00000000e+00
9.99999379e-01 -6.49872158e-04 9.25780555e-04 8.76627827e-03 6.52021994e-04 9.99997091e-01 -2.31726851e-03 1.13684474e-02 -9.24271821e-04 2.31787109e-03 9.99996886e-01 -9.29363408e-01 0.00000000e+00 0.00000000e+00 0.00000000e+00 1.00000000e+00
9.99999762e-01 -6.58788891e-05 6.74390135e-04 8.98186503e-03 6.78496464e-05 9.99995654e-01 -2.93493514e-03 1.02246333e-02 -6.74194719e-04 2.93497999e-03 9.99995467e-01 -9.30400565e-01 0.00000000e+00 0.00000000e+00 0.00000000e+00 1.00000000e+00
9.99999520e-01 1.65569089e-04 9.87287332e-04 8.67455919e-03 -1.64263155e-04 9.99999145e-01 -1.32022015e-03 9.03885456e-03 -9.87505699e-04 1.32005652e-03 9.99998638e-01 -9.23078492e-01 0.00000000e+00 0.00000000e+00 0.00000000e+00 1.00000000e+00
9.99998579e-01 1.56208803e-03 6.05284879e-04 9.21935078e-03 -1.56169164e-03 9.99998516e-01 -6.63565917e-04 1.28076119e-02 -6.06319911e-04 6.62620791e-04 9.99999565e-01 -9.50616168e-01 0.00000000e+00 0.00000000e+00 0.00000000e+00 1.00000000e+00
9.99999539e-01 1.67050880e-04 9.59530467e-04 6.90830822e-03 -1.67147695e-04 9.99999977e-01 9.88763449e-05 2.01518946e-02 -9.59514775e-04 -9.90373795e-05 9.99999511e-01 -8.83906322e-01 0.00000000e+00 0.00000000e+00 0.00000000e+00 1.00000000e+00
9.99999717e-01 2.29903984e-04 6.94902952e-04 7.90249456e-03 -2.30999135e-04 9.99998764e-01 1.56974552e-03 2.29143654e-02 -6.94539943e-04 -1.56990597e-03 9.99998599e-01 -9.09809862e-01 0.00000000e+00 0.00000000e+00 0.00000000e+00 1.00000000e+00
9.99998612e-01 4.73559327e-04 1.56316326e-03 7.73399609e-03 -4.76984560e-04 9.99997453e-01 2.19619908e-03 2.57349389e-02 -1.56211984e-03 -2.19694123e-03 9.99996355e-01 -9.08184108e-01 0.00000000e+00 0.00000000e+00 0.00000000e+00 1.00000000e+00
9.99998052e-01 1.30817114e-03 1.50421377e-03 5.09598694e-03 -1.31005813e-03 9.99998357e-01 1.25927172e-03 1.56385334e-02 -1.50256871e-03 -1.26123959e-03 9.99998039e-01 -9.04262909e-01 0.00000000e+00 0.00000000e+00 0.00000000e+00 1.00000000e+00
9.99998538e-01 -3.66851225e-04 1.67420152e-03 6.80603947e-03 3.65950746e-04 9.99999800e-01 5.34286001e-04 8.36054525e-03 -1.67439513e-03 -5.33672411e-04 9.99998424e-01 -9.00904185e-01 0.00000000e+00 0.00000000e+00 0.00000000e+00 1.00000000e+00
9.99998048e-01 -1.29762044e-03 1.46239172e-03 7.62154346e-03 1.29633024e-03 9.99998805e-01 8.88752989e-04 6.74401435e-03 -1.46354518e-03 -8.86855020e-04 9.99998593e-01 -8.97018054e-01 0.00000000e+00 0.00000000e+00 0.00000000e+00 1.00000000e+00
9.99997463e-01 -1.44586292e-03 1.72525095e-03 4.47789419e-03 1.44577968e-03 9.99998964e-01 4.43616898e-05 3.37419397e-03 -1.72531144e-03 -4.18673484e-05 9.99998502e-01 -8.91930274e-01 0.00000000e+00 0.00000000e+00 0.00000000e+00 1.00000000e+00
9.99998701e-01 5.56721720e-04 1.54568855e-03 3.19907695e-03 -5.55214742e-04 9.99999309e-01 -9.73727311e-04 5.51763743e-03 -1.54623689e-03 9.72867471e-04 9.99998299e-01 -8.92184697e-01 0.00000000e+00 0.00000000e+00 0.00000000e+00 1.00000000e+00
9.99998908e-01 -6.26992334e-04 1.32173444e-03 4.57789970e-03 6.28837031e-04 9.99998820e-01 -1.40019298e-03 1.00094803e-02 -1.32085470e-03 1.40102242e-03 9.99998200e-01 -8.87572588e-01 0.00000000e+00 0.00000000e+00 0.00000000e+00 1.00000000e+00
9.99998834e-01 -1.54499692e-04 1.49918670e-03 3.57853062e-03 1.55030335e-04 9.99999990e-01 -3.49510084e-04 1.07229395e-02 -1.49912478e-03 3.49742776e-04 9.99998756e-01 -8.80819587e-01 0.00000000e+00 0.00000000e+00 0.00000000e+00 1.00000000e+00
9.99997830e-01 1.14424126e-03 1.73559710e-03 1.61394900e-04 -1.14433195e-03 9.99999355e-01 4.84441994e-05 -8.03686850e-04 -1.73554034e-03 -5.04312021e-05 9.99998480e-01 -8.74326867e-01 0.00000000e+00 0.00000000e+00 0.00000000e+00 1.00000000e+00
9.99998765e-01 2.05789838e-04 1.60317435e-03 -1.87672730e-03 -2.06779117e-04 9.99999791e-01 6.16392305e-04 -1.21875290e-03 -1.60304823e-03 -6.16722455e-04 9.99998580e-01 -8.69219264e-01 0.00000000e+00 0.00000000e+00 0.00000000e+00 1.00000000e+00
9.99999444e-01 -6.26869444e-05 1.01831001e-03 -7.25812413e-05 6.31664511e-05 9.99999820e-01 -4.71010831e-04 -2.60782929e-03 -1.01828389e-03 4.71074494e-04 9.99999343e-01 -8.63212386e-01 0.00000000e+00 0.00000000e+00 0.00000000e+00 1.00000000e+00
9.99999487e-01 -1.97058153e-04 1.02862665e-03 -7.36059400e-04 1.99087252e-04 9.99998038e-01 -1.97016556e-03 1.07188863e-03 -1.02823762e-03 1.97036830e-03 9.99997524e-01 -8.57092923e-01 0.00000000e+00 0.00000000e+00 0.00000000e+00 1.00000000e+00
9.99998776e-01 1.34586865e-03 7.84916192e-04 -3.52146502e-03 -1.34362390e-03 9.99994999e-01 -2.86529935e-03 2.95171691e-03 -7.88761401e-04 2.86424143e-03 9.99995593e-01 -8.57894444e-01 0.00000000e+00 0.00000000e+00 0.00000000e+00 1.00000000e+00
9.99999698e-01 -3.25291273e-04 6.68979435e-04 -6.16420868e-03 3.26210346e-04 9.99999011e-01 -1.36158247e-03 -2.45289671e-03 -6.68531515e-04 1.36180057e-03 9.99998865e-01 -8.26918399e-01 0.00000000e+00 0.00000000e+00 0.00000000e+00 1.00000000e+00
9.99999566e-01 -4.84468525e-04 7.77054282e-04 -3.27439709e-03 4.83553962e-04 9.99999206e-01 1.18332033e-03 -2.09857649e-03 -7.77627285e-04 -1.18294377e-03 9.99998974e-01 -8.24277267e-01 0.00000000e+00 0.00000000e+00 0.00000000e+00 1.00000000e+00
9.99998578e-01 -1.47308839e-03 7.88106989e-04 -1.32593556e-03 1.47091223e-03 9.99995118e-01 2.74511543e-03 -3.33651433e-03 -7.92150601e-04 -2.74395206e-03 9.99995949e-01 -8.14461271e-01 0.00000000e+00 0.00000000e+00 0.00000000e+00 1.00000000e+00
9.99999595e-01 -5.53420670e-04 7.94287815e-04 -5.24990184e-04 5.52153028e-04 9.99998607e-01 1.59590192e-03 1.47918736e-03 -7.95173719e-04 -1.59546277e-03 9.99998446e-01 -7.96917600e-01 0.00000000e+00 0.00000000e+00 0.00000000e+00 1.00000000e+00
9.99999293e-01 -7.32677651e-04 9.45133487e-04 -5.58924943e-04 7.32253441e-04 9.99999625e-01 4.53650019e-04 5.62190361e-03 -9.45471145e-04 -4.52957280e-04 9.99999406e-01 -7.92931447e-01 0.00000000e+00 0.00000000e+00 0.00000000e+00 1.00000000e+00
9.99998931e-01 2.07815213e-04 1.41443109e-03 -1.54190845e-03 -2.08372982e-04 9.99999938e-01 3.95543256e-04 5.19329838e-03 -1.41433889e-03 -3.95837669e-04 9.99998949e-01 -7.85472788e-01 0.00000000e+00 0.00000000e+00 0.00000000e+00 1.00000000e+00
9.99998222e-01 -3.24557809e-04 1.87262933e-03 -2.31454963e-03 3.23428249e-04 9.99999729e-01 6.03583649e-04 -6.31818630e-04 -1.87283436e-03 -6.02976833e-04 9.99998003e-01 -7.72288723e-01 0.00000000e+00 0.00000000e+00 0.00000000e+00 1.00000000e+00
9.99998251e-01 7.06365504e-06 1.85173381e-03 -4.34629123e-03 -7.75150040e-06 9.99999952e-01 3.67098886e-04 -1.34642832e-02 -1.85172472e-03 -3.67112474e-04 9.99998278e-01 -7.66916935e-01 0.00000000e+00 0.00000000e+00 0.00000000e+00 1.00000000e+00
9.99997902e-01 3.57286392e-04 2.04825655e-03 -2.07658364e-03 -3.54932939e-04 9.99999312e-01 -1.14814510e-03 -3.85728296e-03 -2.04865987e-03 1.14741498e-03 9.99997257e-01 -7.60510525e-01 0.00000000e+00 0.00000000e+00 0.00000000e+00 1.00000000e+00
9.99998081e-01 9.13256532e-05 1.93604706e-03 -1.58069323e-03 -8.61656831e-05 9.99996373e-01 -2.66344703e-03 3.47857124e-03 -1.93629157e-03 2.66327559e-03 9.99994504e-01 -7.44637562e-01 0.00000000e+00 0.00000000e+00 0.00000000e+00 1.00000000e+00
9.99998096e-01 -7.13572491e-04 1.83073941e-03 2.05071440e-03 7.15911182e-04 9.99998928e-01 -1.27727907e-03 8.69495067e-03 -1.82981960e-03 1.27858677e-03 9.99997595e-01 -7.38115928e-01 0.00000000e+00 0.00000000e+00 0.00000000e+00 1.00000000e+00
9.99996990e-01 -1.45389932e-03 1.94375110e-03 6.42261573e-03 1.45442650e-03 9.99998942e-01 -2.69591484e-04 1.02268106e-02 -1.94336556e-03 2.72417791e-04 9.99998020e-01 -7.28279128e-01 0.00000000e+00 0.00000000e+00 0.00000000e+00 1.00000000e+00
9.99994807e-01 -2.68227855e-03 1.81896315e-03 7.46507693e-03 2.68073875e-03 9.99996057e-01 8.49262726e-04 5.96543789e-03 -1.82123342e-03 -8.44382021e-04 9.99997984e-01 -7.42304293e-01 0.00000000e+00 0.00000000e+00 0.00000000e+00 1.00000000e+00
9.99997290e-01 -1.53314406e-03 1.76245394e-03 6.48858180e-03 1.53170383e-03 9.99998521e-01 8.18464100e-04 2.24271001e-03 -1.76371501e-03 -8.15762334e-04 9.99998137e-01 -6.90681211e-01 0.00000000e+00 0.00000000e+00 0.00000000e+00 1.00000000e+00
9.99998726e-01 -4.06481474e-04 1.50819096e-03 3.13041402e-03 4.08636243e-04 9.99998867e-01 -1.42868196e-03 -4.66252712e-03 -1.50759900e-03 1.42929620e-03 9.99997811e-01 -6.93535897e-01 0.00000000e+00 0.00000000e+00 0.00000000e+00 1.00000000e+00
9.99998908e-01 -1.10402602e-03 1.03865202e-03 1.74891564e-03 1.10567299e-03 9.99998092e-01 -1.58597519e-03 -4.72918885e-03 -1.03690117e-03 1.58712178e-03 9.99998251e-01 -6.88604008e-01 0.00000000e+00 0.00000000e+00 0.00000000e+00 1.00000000e+00
9.99995468e-01 -2.99529582e-03 -6.70856681e-05 6.91602920e-03 2.99524598e-03 9.99995313e-01 -7.39857770e-04 3.00946237e-03 6.93053853e-05 7.39653495e-04 9.99999719e-01 -6.76973292e-01 0.00000000e+00 0.00000000e+00 0.00000000e+00 1.00000000e+00
9.99994126e-01 -3.24546391e-03 -1.07957085e-03 6.02102159e-03 3.24769631e-03 9.99992496e-01 2.07125715e-03 -4.37646052e-03 1.07283254e-03 -2.07475078e-03 9.99997199e-01 -6.63104589e-01 0.00000000e+00 0.00000000e+00 0.00000000e+00 1.00000000e+00
9.99996839e-01 -1.75924740e-03 -1.79280049e-03 5.31100621e-04 1.76522063e-03 9.99992905e-01 3.33585736e-03 -1.00109225e-02 1.78692545e-03 -3.33901103e-03 9.99992857e-01 -6.53039968e-01 0.00000000e+00 0.00000000e+00 0.00000000e+00 1.00000000e+00
9.99997630e-01 -4.48632518e-04 -2.16059868e-03 -1.39902205e-04 4.52938943e-04 9.99997901e-01 1.99240700e-03 -5.72183923e-03 2.15969811e-03 -1.99338057e-03 9.99995723e-01 -6.37684244e-01 0.00000000e+00 0.00000000e+00 0.00000000e+00 1.00000000e+00
9.99994588e-01 -1.17869817e-03 -3.05265288e-03 2.88888968e-03 1.17587897e-03 9.99998929e-01 -9.25048784e-04 -4.10520544e-03 3.05374814e-03 9.21454172e-04 9.99994841e-01 -6.37500368e-01 0.00000000e+00 0.00000000e+00 0.00000000e+00 1.00000000e+00
9.99981677e-01 -4.93181044e-03 -3.51286623e-03 7.31655956e-03 4.92045222e-03 9.99982672e-01 -3.23495060e-03 3.83503667e-03 3.52875211e-03 3.21760559e-03 9.99988665e-01 -6.50067823e-01 0.00000000e+00 0.00000000e+00 0.00000000e+00 1.00000000e+00
9.99983612e-01 -4.31538854e-03 -3.76661376e-03 7.86078728e-03 4.30104233e-03 9.99983442e-01 -3.81002285e-03 4.39786772e-03 3.78300226e-03 3.79375895e-03 9.99985639e-01 -6.05870047e-01 0.00000000e+00 0.00000000e+00 0.00000000e+00 1.00000000e+00
9.99978902e-01 -4.87646289e-03 -4.30300913e-03 7.03320585e-03 4.87251233e-03 9.99987695e-01 -9.28462573e-04 3.25961418e-03 4.30747586e-03 9.07476710e-04 9.99990293e-01 -5.99236271e-01 0.00000000e+00 0.00000000e+00 0.00000000e+00 1.00000000e+00
9.99978628e-01 -3.70059453e-03 -5.38484215e-03 6.18301096e-03 3.69931455e-03 9.99993143e-01 -2.46633257e-04 1.22011544e-03 5.38572173e-03 2.26708444e-04 9.99985454e-01 -5.85123984e-01 0.00000000e+00 0.00000000e+00 0.00000000e+00 1.00000000e+00
9.99976773e-01 -3.65259154e-03 -5.74972922e-03 5.47224018e-03 3.64020316e-03 9.99991056e-01 -2.16468797e-03 2.76060975e-03 5.75757777e-03 2.14370409e-03 9.99981161e-01 -5.68754557e-01 0.00000000e+00 0.00000000e+00 0.00000000e+00 1.00000000e+00
9.99965120e-01 -4.99927302e-03 -6.69809711e-03 6.97269121e-03 4.98810545e-03 9.99986165e-01 -1.68310657e-03 5.49726161e-03 6.70643162e-03 1.64964208e-03 9.99976129e-01 -5.48230620e-01 0.00000000e+00 0.00000000e+00 0.00000000e+00 1.00000000e+00
9.99968979e-01 -3.28901678e-03 -7.15427840e-03 4.79911442e-03 3.29186859e-03 9.99994455e-01 3.86849662e-04 6.20481247e-03 7.15296253e-03 -4.10389924e-04 9.99974346e-01 -5.27070501e-01 0.00000000e+00 0.00000000e+00 0.00000000e+00 1.00000000e+00
9.99967118e-01 -3.50307961e-03 -7.31185224e-03 3.04559143e-03 3.49817444e-03 9.99993664e-01 -6.82590353e-04 5.62773110e-03 7.31419861e-03 6.56991526e-04 9.99973077e-01 -5.07542380e-01 0.00000000e+00 0.00000000e+00 0.00000000e+00 1.00000000e+00
9.99961498e-01 -4.44134820e-03 -7.56494447e-03 5.21794223e-03 4.44265274e-03 9.99990108e-01 1.55587241e-04 -3.55889118e-04 7.56418103e-03 -1.89197486e-04 9.99971290e-01 -4.83427412e-01 0.00000000e+00 0.00000000e+00 0.00000000e+00 1.00000000e+00
9.99959729e-01 -4.33180686e-03 -7.85969121e-03 5.51130179e-03 4.35234788e-03 9.99987174e-01 2.59737353e-03 -1.34842168e-03 7.84833598e-03 -2.63147174e-03 9.99965791e-01 -4.64006467e-01 0.00000000e+00 0.00000000e+00 0.00000000e+00 1.00000000e+00
9.99965675e-01 -1.65877990e-03 -8.11677055e-03 3.22421201e-03 1.68253680e-03 9.99994310e-01 2.92086755e-03 4.21464296e-03 8.11188579e-03 -2.93442318e-03 9.99962806e-01 -4.39529274e-01 0.00000000e+00 0.00000000e+00 0.00000000e+00 1.00000000e+00
9.99968398e-01 -4.86784406e-04 -7.93782997e-03 1.59376930e-04 4.80674510e-04 9.99999604e-01 -7.71861972e-04 3.27549364e-03 7.93820524e-03 7.68022019e-04 9.99968211e-01 -4.21898171e-01 0.00000000e+00 0.00000000e+00 0.00000000e+00 1.00000000e+00
9.99970110e-01 4.46160567e-04 -7.71944229e-03 -4.00305181e-03 -4.59607825e-04 9.99998382e-01 -1.73928711e-03 3.80604035e-03 7.71866087e-03 1.74278243e-03 9.99968667e-01 -3.97548195e-01 0.00000000e+00 0.00000000e+00 0.00000000e+00 1.00000000e+00
9.99965892e-01 -1.81164622e-03 -8.05595395e-03 -2.32146382e-03 1.80140232e-03 9.99997505e-01 -1.28047841e-03 2.19807535e-03 8.05825266e-03 1.26592328e-03 9.99966711e-01 -3.72466211e-01 0.00000000e+00 0.00000000e+00 0.00000000e+00 1.00000000e+00
9.99951934e-01 -3.48066006e-03 -9.16612049e-03 1.08451027e-03 3.47680649e-03 9.99993854e-01 -4.36341688e-04 2.21618904e-03 9.16757666e-03 4.04452672e-04 9.99957938e-01 -3.63325954e-01 0.00000000e+00 0.00000000e+00 0.00000000e+00 1.00000000e+00
9.99953180e-01 -4.65608659e-03 -8.48835783e-03 2.69702261e-03 4.65595646e-03 9.99989170e-01 -3.55212413e-05 3.89145886e-03 8.48844799e-03 -4.00453499e-06 9.99963911e-01 -3.11583645e-01 0.00000000e+00 0.00000000e+00 0.00000000e+00 1.00000000e+00
9.99952212e-01 -3.64612726e-03 -9.06646416e-03 -6.98097592e-04 3.63968464e-03 9.99993129e-01 -7.26244721e-04 5.96389605e-03 9.06903808e-03 6.93208683e-04 9.99958637e-01 -2.99119247e-01 0.00000000e+00 0.00000000e+00 0.00000000e+00 1.00000000e+00
9.99956610e-01 4.74313457e-04 -9.29984211e-03 -6.76521689e-03 -4.83238285e-04 9.99999473e-01 -9.56801775e-04 1.04101337e-02 9.29938596e-03 9.61252944e-04 9.99956330e-01 -2.75725196e-01 0.00000000e+00 0.00000000e+00 0.00000000e+00 1.00000000e+00
9.99940409e-01 1.18592566e-03 -1.08530754e-02 -7.77411663e-03 -1.17169363e-03 9.99998430e-01 1.31733342e-03 8.38897496e-03 1.08546264e-02 -1.30452895e-03 9.99940187e-01 -2.67603128e-01 0.00000000e+00 0.00000000e+00 0.00000000e+00 1.00000000e+00
9.99923322e-01 1.71578720e-03 -1.22642186e-02 -8.10790358e-03 -1.66698236e-03 9.99990588e-01 3.98866560e-03 6.41122039e-03 1.22709508e-02 -3.96792216e-03 9.99916895e-01 -2.61423524e-01 0.00000000e+00 0.00000000e+00 0.00000000e+00 1.00000000e+00
9.99908183e-01 -5.44073604e-04 -1.35435844e-02 -7.82250422e-03 5.91147016e-04 9.99993878e-01 3.47221052e-03 4.34163448e-03 1.35416534e-02 -3.47989533e-03 9.99902251e-01 -2.59687996e-01 0.00000000e+00 0.00000000e+00 0.00000000e+00 1.00000000e+00
9.99873244e-01 -1.71366454e-03 -1.58267442e-02 -5.86577268e-03 1.72902587e-03 9.99997989e-01 9.56373967e-04 5.22769198e-03 1.58250793e-02 -9.83615319e-04 9.99874300e-01 -2.57948505e-01 0.00000000e+00 0.00000000e+00 0.00000000e+00 1.00000000e+00
9.99850156e-01 -1.97067653e-03 -1.71998707e-02 -7.30616039e-03 1.97344255e-03 9.99998115e-01 1.44144622e-04 3.12137913e-03 1.71994622e-02 -1.78071192e-04 9.99852039e-01 -2.66965508e-01 0.00000000e+00 0.00000000e+00 0.00000000e+00 1.00000000e+00
9.99864309e-01 -3.80968888e-04 -1.64659543e-02 -9.75403917e-03 3.83847950e-04 9.99999866e-01 1.71303406e-04 2.78929510e-03 1.64659308e-02 -1.77596464e-04 9.99864381e-01 -2.41677771e-01 0.00000000e+00 0.00000000e+00 0.00000000e+00 1.00000000e+00
9.99828078e-01 7.48913561e-04 -1.85270222e-02 -1.33779593e-02 -7.49164135e-04 9.99999702e-01 -6.49949060e-06 1.88428647e-03 1.85270085e-02 2.03810976e-05 9.99828431e-01 -2.51509886e-01 0.00000000e+00 0.00000000e+00 0.00000000e+00 1.00000000e+00
9.99792464e-01 7.58416132e-04 -2.03607285e-02 -1.45692996e-02 -7.75991255e-04 9.99999329e-01 -8.55486996e-04 2.00384529e-03 2.03600847e-02 8.71108404e-04 9.99792264e-01 -2.55453489e-01 0.00000000e+00 0.00000000e+00 0.00000000e+00 1.00000000e+00
9.99798433e-01 -4.93242239e-04 -2.00687350e-02 -1.27622812e-02 4.93326086e-04 9.99999926e-01 -6.82868501e-07 9.33190104e-04 2.00687499e-02 -9.21836010e-06 9.99798630e-01 -2.39210892e-01 0.00000000e+00 0.00000000e+00 0.00000000e+00 1.00000000e+00
9.99756507e-01 -1.89950473e-03 -2.19876457e-02 -1.19520504e-02 1.92203131e-03 9.99997644e-01 1.00306831e-03 6.70118608e-04 2.19857056e-02 -1.04507963e-03 9.99757714e-01 -2.48940797e-01 0.00000000e+00 0.00000000e+00 0.00000000e+00 1.00000000e+00
9.99720791e-01 -1.18264929e-03 -2.35993824e-02 -1.40745945e-02 1.19778107e-03 9.99999114e-01 6.27206571e-04 1.23953527e-03 2.35985860e-02 -6.55305371e-04 9.99721267e-01 -2.49509473e-01 0.00000000e+00 0.00000000e+00 0.00000000e+00 1.00000000e+00
9.99671404e-01 -1.52035673e-03 -2.55878828e-02 -1.54574425e-02 1.50373984e-03 9.99998616e-01 -6.68686259e-04 2.16388738e-03 2.55888964e-02 6.29994141e-04 9.99672411e-01 -2.54845124e-01 0.00000000e+00 0.00000000e+00 0.00000000e+00 1.00000000e+00
9.99625378e-01 -3.37462135e-03 -2.71596296e-02 -1.38593439e-02 3.34990876e-03 9.99993904e-01 -9.55168361e-04 2.91843270e-03 2.71626542e-02 8.63821735e-04 9.99630663e-01 -2.57396247e-01 0.00000000e+00 0.00000000e+00 0.00000000e+00 1.00000000e+00
9.99556591e-01 -2.88297388e-03 -2.96365766e-02 -1.53567710e-02 2.85768241e-03 9.99995559e-01 -8.95649817e-04 3.62495513e-03 2.96390641e-02 8.10556959e-04 9.99560344e-01 -2.63619944e-01 0.00000000e+00 0.00000000e+00 0.00000000e+00 1.00000000e+00
9.99540045e-01 -1.03393561e-03 -3.03083929e-02 -1.99096388e-02 1.00832105e-03 9.99999063e-01 -8.60639181e-04 3.75074690e-03 3.03093123e-02 8.29692327e-04 9.99540258e-01 -2.55726223e-01 0.00000000e+00 0.00000000e+00 0.00000000e+00 1.00000000e+00
9.99467799e-01 1.93649868e-03 -3.25639710e-02 -2.69862223e-02 -1.94317944e-03 9.99998101e-01 -1.73310770e-04 1.88066513e-03 3.25635526e-02 2.36491321e-04 9.99469543e-01 -2.59953013e-01 0.00000000e+00 0.00000000e+00 0.00000000e+00 1.00000000e+00
9.99339906e-01 3.09270333e-03 -3.61958436e-02 -3.11098246e-02 -3.07555714e-03 9.99995128e-01 5.29427236e-04 1.30387984e-04 3.61973044e-02 -4.17754536e-04 9.99344662e-01 -2.65638010e-01 0.00000000e+00 0.00000000e+00 0.00000000e+00 1.00000000e+00
9.99280514e-01 1.35536211e-03 -3.79023895e-02 -2.92451294e-02 -1.27888611e-03 9.99997083e-01 2.04187097e-03 -9.62417353e-04 3.79049896e-02 -1.99192833e-03 9.99279327e-01 -2.65803700e-01 0.00000000e+00 0.00000000e+00 0.00000000e+00 1.00000000e+00
9.99210408e-01 -6.18327046e-04 -3.97279794e-02 -2.86003269e-02 7.29480253e-04 9.99995911e-01 2.78334907e-03 -2.09303646e-03 3.97261653e-02 -2.81013552e-03 9.99206606e-01 -2.71302840e-01 0.00000000e+00 0.00000000e+00 0.00000000e+00 1.00000000e+00
9.99126690e-01 -1.40851562e-03 -4.17599681e-02 -2.76146101e-02 1.49136120e-03 9.99996982e-01 1.95260017e-03 -2.69362157e-03 4.17571172e-02 -2.01317114e-03 9.99125794e-01 -2.86651358e-01 0.00000000e+00 0.00000000e+00 0.00000000e+00 1.00000000e+00
9.99030493e-01 -3.08690480e-03 -4.39139716e-02 -2.58131650e-02 3.13608966e-03 9.99994546e-01 1.05150010e-03 -2.85471306e-03 4.39104403e-02 -1.18819938e-03 9.99034815e-01 -2.99746506e-01 0.00000000e+00 0.00000000e+00 0.00000000e+00 1.00000000e+00
9.98976938e-01 -5.17970357e-03 -4.49241505e-02 -2.60275759e-02 5.18117334e-03 9.99986593e-01 -8.37938713e-05 -6.67458440e-04 4.49240248e-02 -1.49054638e-04 9.98990305e-01 -3.02828393e-01 0.00000000e+00 0.00000000e+00 0.00000000e+00 1.00000000e+00
9.98893747e-01 -5.91246952e-03 -4.66520126e-02 -2.21999695e-02 5.90627710e-03 9.99982473e-01 -2.70860344e-04 -1.61773631e-03 4.66528691e-02 -4.97031476e-06 9.98911215e-01 -3.25956105e-01 0.00000000e+00 0.00000000e+00 0.00000000e+00 1.00000000e+00
9.98787627e-01 -2.04370282e-03 -4.91850907e-02 -2.95031764e-02 2.01405572e-03 9.99997770e-01 -6.52216039e-04 -2.43030053e-03 4.91863394e-02 5.52365171e-04 9.98789457e-01 -3.41505129e-01 0.00000000e+00 0.00000000e+00 0.00000000e+00 1.00000000e+00
9.98667812e-01 3.51773727e-04 -5.15985629e-02 -4.09446128e-02 -4.95124712e-04 9.99996049e-01 -2.76557148e-03 -9.33262864e-03 5.15973819e-02 2.78743776e-03 9.98664098e-01 -3.57339674e-01 0.00000000e+00 0.00000000e+00 0.00000000e+00 1.00000000e+00
9.98620263e-01 6.73005539e-05 -5.25136379e-02 -4.38326041e-02 -1.52923359e-04 9.99998615e-01 -1.62653200e-03 -2.45325653e-02 5.25134126e-02 1.63231647e-03 9.98618806e-01 -3.85986133e-01 0.00000000e+00 0.00000000e+00 0.00000000e+00 1.00000000e+00
9.98480630e-01 -1.17752544e-03 -5.50902827e-02 -4.36176387e-02 1.10937672e-03 9.99998650e-01 -1.26764460e-03 -2.05990079e-02 5.50917453e-02 1.20459153e-03 9.98480585e-01 -3.96505960e-01 0.00000000e+00 0.00000000e+00 0.00000000e+00 1.00000000e+00
9.98435773e-01 3.23941860e-04 -5.59094013e-02 -3.98159409e-02 -3.15287445e-04 9.99999877e-01 1.63721920e-04 -3.17017317e-02 5.59093995e-02 -1.45834522e-04 9.98435839e-01 -4.06721126e-01 0.00000000e+00 0.00000000e+00 0.00000000e+00 1.00000000e+00
9.98384324e-01 -9.78427622e-04 -5.68138778e-02 -3.66886062e-02 8.74988096e-04 9.99997946e-01 -1.84535417e-03 -2.24452803e-02 5.68154905e-02 1.79265626e-03 9.98383109e-01 -4.25800658e-01 0.00000000e+00 0.00000000e+00 0.00000000e+00 1.00000000e+00
9.98446871e-01 -1.69253827e-03 -5.56869096e-02 -4.02660629e-02 1.51338120e-03 9.99993540e-01 -3.25936314e-03 -2.47474240e-02 5.56921477e-02 3.17002344e-03 9.98442943e-01 -4.36864075e-01 0.00000000e+00 0.00000000e+00 0.00000000e+00 1.00000000e+00
9.98456892e-01 -3.62581981e-03 -5.54138012e-02 -4.31182827e-02 3.41580658e-03 9.99986597e-01 -3.88414616e-03 -5.77051496e-03 5.54271043e-02 3.68887167e-03 9.98455915e-01 -4.55655280e-01 0.00000000e+00 0.00000000e+00 0.00000000e+00 1.00000000e+00
9.98542378e-01 -6.47016677e-03 -5.35842759e-02 -3.54659668e-02 6.31601149e-03 9.99975438e-01 -3.04579376e-03 -8.17622506e-03 5.36027617e-02 2.70291849e-03 9.98558671e-01 -4.62157482e-01 0.00000000e+00 0.00000000e+00 0.00000000e+00 1.00000000e+00
9.98618331e-01 -5.60193973e-04 -5.25462772e-02 -4.71139239e-02 5.96441492e-04 9.99999578e-01 6.74059444e-04 -9.07783300e-03 5.25457766e-02 -7.04469967e-04 9.98618289e-01 -4.71858640e-01 0.00000000e+00 0.00000000e+00 0.00000000e+00 1.00000000e+00
9.98745085e-01 7.31752234e-03 -4.95445519e-02 -5.04967269e-02 -7.42706757e-03 9.99970389e-01 -2.02717095e-03 -3.62549035e-03 4.95283226e-02 2.39259238e-03 9.98769867e-01 -4.86920896e-01 0.00000000e+00 0.00000000e+00 0.00000000e+00 1.00000000e+00
9.98893193e-01 1.06423055e-02 -4.58160836e-02 -5.90868781e-02 -1.07700606e-02 9.99938744e-01 -2.54228695e-03 -4.03112988e-03 4.57861615e-02 3.03292332e-03 9.98946661e-01 -5.03333705e-01 0.00000000e+00 0.00000000e+00 0.00000000e+00 1.00000000e+00
9.98995295e-01 5.85401901e-03 -4.44305873e-02 -4.74412409e-02 -5.87093495e-03 9.99982728e-01 -2.50292247e-04 -9.41011944e-03 4.44284895e-02 5.10891742e-04 9.99012444e-01 -5.24368835e-01 0.00000000e+00 0.00000000e+00 0.00000000e+00 1.00000000e+00
9.99265956e-01 1.49142655e-03 -3.82801101e-02 -3.74312630e-02 -1.37169649e-03 9.99994096e-01 3.15395599e-03 -8.05461328e-03 3.82845055e-02 -3.09913439e-03 9.99262122e-01 -5.14589004e-01 0.00000000e+00 0.00000000e+00 0.00000000e+00 1.00000000e+00
9.99441503e-01 6.60014839e-03 -3.27580484e-02 -4.14454282e-02 -6.58018051e-03 9.99978128e-01 7.17244843e-04 3.72157583e-03 3.27620960e-02 -5.01293676e-04 9.99463005e-01 -5.32544373e-01 0.00000000e+00 0.00000000e+00 0.00000000e+00 1.00000000e+00
9.99554627e-01 4.57022766e-03 -2.94894349e-02 -2.62025586e-02 -4.61005736e-03 9.99988568e-01 -1.28278244e-03 1.05985687e-02 2.94832685e-02 1.41815787e-03 9.99564275e-01 -5.52713625e-01 0.00000000e+00 0.00000000e+00 0.00000000e+00 1.00000000e+00
9.99669627e-01 5.10008319e-03 -2.51949115e-02 -2.40782401e-02 -5.14717416e-03 9.99985109e-01 -1.80448216e-03 1.33344952e-03 2.51853371e-02 1.93357491e-03 9.99680904e-01 -5.66295106e-01 0.00000000e+00 0.00000000e+00 0.00000000e+00 1.00000000e+00
9.99793831e-01 4.08836515e-03 -1.98890644e-02 -1.35962793e-02 -4.08033701e-03 9.99991567e-01 4.44551477e-04 4.06380095e-03 1.98907107e-02 -3.63312826e-04 9.99802110e-01 -5.78219088e-01 0.00000000e+00 0.00000000e+00 0.00000000e+00 1.00000000e+00
9.99874575e-01 2.12828435e-03 -1.56930744e-02 -1.17172211e-02 -2.09934941e-03 9.99996071e-01 1.85985162e-03 3.83157231e-03 1.56969803e-02 -1.82667516e-03 9.99875122e-01 -5.83170396e-01 0.00000000e+00 0.00000000e+00 0.00000000e+00 1.00000000e+00
9.99909159e-01 -3.44051911e-04 -1.34717897e-02 -4.54298332e-03 3.37825427e-04 9.99999840e-01 -4.64509222e-04 3.14473231e-03 1.34719415e-02 4.59921649e-04 9.99909107e-01 -6.06098180e-01 0.00000000e+00 0.00000000e+00 0.00000000e+00 1.00000000e+00
9.99934109e-01 -4.04393265e-04 -1.14740093e-02 3.57723608e-03 4.12167888e-04 9.99999673e-01 6.74976140e-04 6.88050974e-03 1.14737340e-02 -6.79664864e-04 9.99933959e-01 -6.01832027e-01 0.00000000e+00 0.00000000e+00 0.00000000e+00 1.00000000e+00
9.99951392e-01 4.17718032e-03 -8.92453182e-03 -5.69577106e-03 -4.14697318e-03 9.99985626e-01 3.40128582e-03 1.33159091e-02 8.93861405e-03 -3.36410612e-03 9.99954374e-01 -6.20291609e-01 0.00000000e+00 0.00000000e+00 0.00000000e+00 1.00000000e+00
9.99968795e-01 4.11387124e-03 -6.74682014e-03 -1.86923303e-02 -4.10128476e-03 9.99989785e-01 1.87846767e-03 1.49974555e-02 6.75447338e-03 -1.85073159e-03 9.99975537e-01 -6.31232623e-01 0.00000000e+00 0.00000000e+00 0.00000000e+00 1.00000000e+00
9.99989008e-01 -1.35281944e-04 -4.69092347e-03 -8.75146065e-03 1.31072709e-04 9.99999602e-01 -8.98553486e-04 3.55606316e-03 4.69105119e-03 8.97919149e-04 9.99988594e-01 -6.40008599e-01 0.00000000e+00 0.00000000e+00 0.00000000e+00 1.00000000e+00
9.99989983e-01 -2.66065183e-03 -3.60268456e-03 7.28141583e-04 2.65225212e-03 9.99993814e-01 -2.33401317e-03 2.55634394e-03 3.60887720e-03 2.32442917e-03 9.99990750e-01 -6.54979735e-01 0.00000000e+00 0.00000000e+00 0.00000000e+00 1.00000000e+00
9.99994280e-01 -2.41288456e-03 -2.38019481e-03 -2.46022587e-03 2.39501416e-03 9.99969081e-01 -7.48278367e-03 9.50928534e-03 2.39817302e-03 7.47704945e-03 9.99969204e-01 -6.62925445e-01 0.00000000e+00 0.00000000e+00 0.00000000e+00 1.00000000e+00
9.99998064e-01 1.30365054e-03 -1.42173944e-03 -1.31880431e-02 -1.31203657e-03 9.99981689e-01 -5.91144089e-03 8.41579871e-03 1.41400947e-03 5.91328618e-03 9.99981488e-01 -6.82151455e-01 0.00000000e+00 0.00000000e+00 0.00000000e+00 1.00000000e+00
9.99996446e-01 2.59929724e-03 -6.11855732e-04 -1.80009047e-02 -2.60063947e-03 9.99994168e-01 -2.20610921e-03 1.05752501e-02 6.06111883e-04 2.20769556e-03 9.99997390e-01 -6.87494891e-01 0.00000000e+00 0.00000000e+00 0.00000000e+00 1.00000000e+00
9.99995037e-01 3.16902369e-03 1.32860974e-04 -1.36433846e-02 -3.16932208e-03 9.99992407e-01 2.26674983e-03 1.09599301e-02 -1.25669514e-04 -2.26714941e-03 9.99997436e-01 -6.91917875e-01 0.00000000e+00 0.00000000e+00 0.00000000e+00 1.00000000e+00
9.99999020e-01 1.26616268e-03 5.91299196e-04 -1.32828728e-02 -1.27088106e-03 9.99966734e-01 8.06226389e-03 -6.69186615e-04 -5.81071394e-04 -8.06301432e-03 9.99967323e-01 -6.97698449e-01 0.00000000e+00 0.00000000e+00 0.00000000e+00 1.00000000e+00
9.99997377e-01 7.60968632e-04 2.14108837e-03 -8.23864928e-03 -7.77687262e-04 9.99969119e-01 7.81992296e-03 -1.19917462e-02 -2.13508033e-03 -7.82156011e-03 9.99967106e-01 -7.03879134e-01 0.00000000e+00 0.00000000e+00 0.00000000e+00 1.00000000e+00
9.99996650e-01 1.53979475e-03 2.07111109e-03 -7.13118105e-03 -1.54273749e-03 9.99997806e-01 1.41946946e-03 -1.11773748e-02 -2.06892080e-03 -1.42266762e-03 9.99996899e-01 -7.21726548e-01 0.00000000e+00 0.00000000e+00 0.00000000e+00 1.00000000e+00
9.99997321e-01 -9.54570405e-04 2.11210654e-03 -6.92612761e-03 9.65096808e-04 9.99987001e-01 -4.99297683e-03 -3.98229221e-03 -2.10730438e-03 4.99500602e-03 9.99985285e-01 -7.38928661e-01 0.00000000e+00 0.00000000e+00 0.00000000e+00 1.00000000e+00
9.99996852e-01 -2.59942446e-04 2.49040402e-03 -5.40266896e-03 2.78774592e-04 9.99971390e-01 -7.56128441e-03 7.16981230e-03 -2.48836484e-03 7.56195128e-03 9.99968274e-01 -7.39013423e-01 0.00000000e+00 0.00000000e+00 0.00000000e+00 1.00000000e+00
9.99993901e-01 -2.12975007e-03 2.78895993e-03 -4.12116606e-03 2.13166940e-03 9.99997514e-01 -6.88296847e-04 2.91093063e-03 -2.78748820e-03 6.94245369e-04 9.99995859e-01 -7.36491331e-01 0.00000000e+00 0.00000000e+00 0.00000000e+00 1.00000000e+00
9.99961764e-01 8.24368991e-03 2.90232751e-03 -1.74544229e-02 -8.25963598e-03 9.99950607e-01 5.52485954e-03 -4.18381935e-03 -2.85665334e-03 -5.54862636e-03 9.99980544e-01 -7.27571050e-01 0.00000000e+00 0.00000000e+00 0.00000000e+00 1.00000000e+00
9.99991900e-01 2.27726343e-03 3.32673296e-03 -1.44088873e-02 -2.29498406e-03 9.99983145e-01 5.33338290e-03 -7.15009109e-03 -3.31452886e-03 -5.34096802e-03 9.99980291e-01 -7.30419706e-01 0.00000000e+00 0.00000000e+00 0.00000000e+00 1.00000000e+00
9.99974813e-01 -6.59202245e-03 2.63109991e-03 5.97301312e-03 6.59075443e-03 9.99978137e-01 4.89735547e-04 -3.90413964e-03 -2.63426816e-03 -4.72379842e-04 9.99996436e-01 -7.37935216e-01 0.00000000e+00 0.00000000e+00 0.00000000e+00 1.00000000e+00
9.99988325e-01 -3.34512194e-03 3.47915160e-03 4.50206710e-03 3.35387820e-03 9.99991239e-01 -2.51438781e-03 4.01491631e-03 -3.47071019e-03 2.52601316e-03 9.99990742e-01 -7.31026764e-01 0.00000000e+00 0.00000000e+00 0.00000000e+00 1.00000000e+00
9.99982147e-01 3.99833709e-03 4.43905986e-03 -1.19373966e-02 -3.97319981e-03 9.99976093e-01 -5.65638737e-03 1.10166606e-02 -4.46157309e-03 5.63866208e-03 9.99974198e-01 -7.43596076e-01 0.00000000e+00 0.00000000e+00 0.00000000e+00 1.00000000e+00
9.99982192e-01 5.16861776e-03 2.99722661e-03 -1.81818691e-02 -5.17617510e-03 9.99983441e-01 2.51845312e-03 2.19633899e-03 -2.98416009e-03 -2.53392629e-03 9.99992273e-01 -7.40275373e-01 0.00000000e+00 0.00000000e+00 0.00000000e+00 1.00000000e+00
9.99994968e-01 -3.31925559e-04 3.14189096e-03 -1.44038666e-03 3.19379962e-04 9.99992009e-01 3.99367057e-03 -2.06366068e-03 -3.14319182e-03 -3.99264695e-03 9.99987096e-01 -7.25197828e-01 0.00000000e+00 0.00000000e+00 0.00000000e+00 1.00000000e+00
9.99987917e-01 -3.21691471e-03 3.71666572e-03 8.53602709e-03 3.21187403e-03 9.99993909e-01 1.36138107e-03 -7.80146003e-04 -3.72102312e-03 -1.34942224e-03 9.99992195e-01 -7.35048495e-01 0.00000000e+00 0.00000000e+00 0.00000000e+00 1.00000000e+00
9.99992207e-01 -7.73065544e-04 3.89083682e-03 1.18271542e-02 7.78081822e-04 9.99998875e-01 -1.28780825e-03 -6.80631245e-04 -3.88983872e-03 1.29081393e-03 9.99991605e-01 -7.38930855e-01 0.00000000e+00 0.00000000e+00 0.00000000e+00 1.00000000e+00
9.99982544e-01 4.67522344e-03 3.59077850e-03 3.53568430e-04 -4.66568298e-03 9.99985577e-01 -2.65902194e-03 6.37076230e-03 -3.60314993e-03 2.64222984e-03 9.99990041e-01 -7.41571731e-01 0.00000000e+00 0.00000000e+00 0.00000000e+00 1.00000000e+00
9.99981469e-01 4.85691268e-03 3.68418484e-03 2.40742679e-03 -4.85623840e-03 9.99988134e-01 -1.95622719e-04 9.92028215e-03 -3.68509919e-03 1.77727793e-04 9.99993145e-01 -7.36183222e-01 0.00000000e+00 0.00000000e+00 0.00000000e+00 1.00000000e+00
9.99989472e-01 3.06495160e-03 3.41839860e-03 -9.24555878e-04 -3.06872464e-03 9.99994755e-01 1.09888172e-03 2.16149620e-03 -3.41501670e-03 -1.10936486e-03 9.99993545e-01 -7.36837163e-01 0.00000000e+00 0.00000000e+00 0.00000000e+00 1.00000000e+00
9.99996228e-01 3.40487602e-04 2.72584197e-03 -1.24054968e-03 -3.41298495e-04 9.99999899e-01 2.97430142e-04 -1.78508909e-03 -2.72573878e-03 -2.98357887e-04 9.99996257e-01 -7.35912857e-01 0.00000000e+00 0.00000000e+00 0.00000000e+00 1.00000000e+00
9.99992331e-01 1.91369343e-03 3.41721303e-03 -5.46226589e-03 -1.90987473e-03 9.99997532e-01 -1.11926592e-03 -2.94764995e-03 -3.41934657e-03 1.11272282e-03 9.99993494e-01 -7.41044445e-01 0.00000000e+00 0.00000000e+00 0.00000000e+00 1.00000000e+00
9.99992076e-01 1.72176638e-03 3.59376836e-03 -7.22813618e-03 -1.71574010e-03 9.99997147e-01 -1.68060973e-03 -7.66620338e-04 -3.59665031e-03 1.67443697e-03 9.99992132e-01 -7.42539517e-01 0.00000000e+00 0.00000000e+00 0.00000000e+00 1.00000000e+00
9.99995330e-01 -8.74925007e-04 2.92574003e-03 -2.66819703e-04 8.71529346e-04 9.99998861e-01 1.16050557e-03 -1.14469100e-02 -2.92676117e-03 -1.15794568e-03 9.99995108e-01 -7.40067574e-01 0.00000000e+00 0.00000000e+00 0.00000000e+00 1.00000000e+00
9.99991317e-01 -2.59156018e-03 3.24790306e-03 3.22906628e-03 2.58732733e-03 9.99995807e-01 1.31149538e-03 -1.34915819e-02 -3.25127735e-03 -1.30307892e-03 9.99993884e-01 -7.43998453e-01 0.00000000e+00 0.00000000e+00 0.00000000e+00 1.00000000e+00
9.99994095e-01 2.06210793e-03 2.74103422e-03 -1.36276227e-03 -2.06260520e-03 9.99997903e-01 1.75326126e-04 -1.20146474e-02 -2.74066617e-03 -1.80980710e-04 9.99996201e-01 -7.45181397e-01 0.00000000e+00 0.00000000e+00 0.00000000e+00 1.00000000e+00
9.99992648e-01 -2.47432137e-03 2.95292012e-03 3.62144048e-03 2.47589897e-03 9.99996784e-01 -5.31116418e-04 -7.46781536e-03 -2.95160714e-03 5.38421551e-04 9.99995436e-01 -7.49582528e-01 0.00000000e+00 0.00000000e+00 0.00000000e+00 1.00000000e+00
9.99997308e-01 -9.28461384e-04 2.09748147e-03 4.81442516e-03 9.26662242e-04 9.99999155e-01 8.58316733e-04 -1.09127106e-02 -2.09827113e-03 -8.56379137e-04 9.99997448e-01 -7.46200502e-01 0.00000000e+00 0.00000000e+00 0.00000000e+00 1.00000000e+00
9.99987808e-01 -3.59433445e-03 3.39086968e-03 5.07953794e-03 3.59653705e-03 9.99993338e-01 -6.42732415e-04 -6.03721949e-03 -3.38853669e-03 6.54929310e-04 9.99994056e-01 -7.57925558e-01 0.00000000e+00 0.00000000e+00 0.00000000e+00 1.00000000e+00
9.99993649e-01 -9.56782339e-04 3.43919678e-03 1.88486585e-03 9.49725222e-04 9.99997503e-01 2.05313842e-03 -5.88231038e-03 -3.44115814e-03 -2.04986395e-03 9.99992009e-01 -7.55761097e-01 0.00000000e+00 0.00000000e+00 0.00000000e+00 1.00000000e+00
9.99994359e-01 -7.40076290e-04 3.27277722e-03 5.78567976e-04 7.26161006e-04 9.99990696e-01 4.24989464e-03 -5.05188380e-03 -3.27589489e-03 -4.24749046e-03 9.99985599e-01 -7.56843100e-01 0.00000000e+00 0.00000000e+00 0.00000000e+00 1.00000000e+00
9.99994199e-01 -9.87175160e-05 3.39742374e-03 -1.14730566e-05 9.40056071e-05 9.99998981e-01 1.38884694e-03 -6.48356760e-03 -3.39756151e-03 -1.38851914e-03 9.99993295e-01 -7.64151480e-01 0.00000000e+00 0.00000000e+00 0.00000000e+00 1.00000000e+00
9.99979122e-01 -5.44746273e-03 3.49157710e-03 7.57109735e-03 5.43896765e-03 9.99982286e-01 2.43827379e-03 -1.39448442e-02 -3.50479048e-03 -2.41923421e-03 9.99990893e-01 -7.67615785e-01 0.00000000e+00 0.00000000e+00 0.00000000e+00 1.00000000e+00
9.99988728e-01 -3.74453721e-03 2.90761459e-03 7.62408493e-03 3.74887955e-03 9.99991807e-01 -1.49013326e-03 -1.29968183e-02 -2.90200460e-03 1.50102345e-03 9.99994701e-01 -7.75628968e-01 0.00000000e+00 0.00000000e+00 0.00000000e+00 1.00000000e+00
9.99990938e-01 2.45446409e-03 3.48873577e-03 -1.83198167e-03 -2.45676481e-03 9.99996759e-01 6.56531232e-04 -7.95562890e-03 -3.48711748e-03 -6.65099860e-04 9.99993637e-01 -7.79637724e-01 0.00000000e+00 0.00000000e+00 0.00000000e+00 1.00000000e+00
9.99991569e-01 -2.43808052e-04 4.09116742e-03 -8.38351003e-04 2.39968626e-04 9.99999610e-01 9.37012290e-04 -1.05284472e-02 -4.09140510e-03 -9.36024818e-04 9.99991185e-01 -7.80867819e-01 0.00000000e+00 0.00000000e+00 0.00000000e+00 1.00000000e+00
9.99983842e-01 -4.20367562e-03 3.83964277e-03 6.11048035e-03 4.20093585e-03 9.99990846e-01 7.21535884e-04 -1.40521031e-02 -3.84264888e-03 -7.05396909e-04 9.99992382e-01 -7.88195848e-01 0.00000000e+00 0.00000000e+00 0.00000000e+00 1.00000000e+00
9.99991212e-01 -2.79727651e-06 4.17248010e-03 9.55789963e-04 7.38989774e-06 9.99999466e-01 -1.09872302e-03 -1.10199214e-02 -4.17246165e-03 1.09874236e-03 9.99990705e-01 -7.95095037e-01 0.00000000e+00 0.00000000e+00 0.00000000e+00 1.00000000e+00
9.99987349e-01 2.82285766e-04 5.02204540e-03 -1.50328247e-04 -2.73972491e-04 9.99998522e-01 -1.65612559e-03 -1.38539567e-02 -5.02250249e-03 1.65473930e-03 9.99986078e-01 -8.11967897e-01 0.00000000e+00 0.00000000e+00 0.00000000e+00 1.00000000e+00
9.99982518e-01 -3.01501534e-03 5.10075890e-03 6.36637336e-03 2.99227340e-03 9.99985625e-01 4.45977698e-03 -1.24542167e-02 -5.11413305e-03 -4.44443213e-03 9.99977003e-01 -7.81148015e-01 0.00000000e+00 0.00000000e+00 0.00000000e+00 1.00000000e+00
9.99980082e-01 -1.05134521e-03 6.21157193e-03 4.89653203e-03 9.93716701e-04 9.99956537e-01 9.27343062e-03 -2.64990831e-02 -6.22105733e-03 -9.26707993e-03 9.99937681e-01 -7.95740751e-01 0.00000000e+00 0.00000000e+00 0.00000000e+00 1.00000000e+00
9.99970133e-01 -1.09116938e-03 7.65414500e-03 3.70723907e-03 1.05853471e-03 9.99990277e-01 4.26614433e-03 -2.26766821e-02 -7.65872640e-03 -4.25795483e-03 9.99961640e-01 -8.09460535e-01 0.00000000e+00 0.00000000e+00 0.00000000e+00 1.00000000e+00
9.99965813e-01 -3.28725736e-03 7.58835655e-03 8.45554318e-03 3.27155775e-03 9.99992539e-01 2.08167664e-03 -2.03965302e-02 -7.59511976e-03 -2.05669309e-03 9.99969064e-01 -8.22660577e-01 0.00000000e+00 0.00000000e+00 0.00000000e+00 1.00000000e+00
9.99968106e-01 -3.18848591e-03 7.32279196e-03 9.19302852e-03 3.20754950e-03 9.99991425e-01 -2.59335702e-03 -1.29080440e-02 -7.31447964e-03 2.61672200e-03 9.99969807e-01 -8.00989020e-01 0.00000000e+00 0.00000000e+00 0.00000000e+00 1.00000000e+00
9.99970241e-01 4.89070806e-04 7.69619338e-03 4.41224219e-03 -4.74828581e-04 9.99998181e-01 -1.85307595e-03 -1.09419336e-02 -7.69708099e-03 1.84936628e-03 9.99968659e-01 -8.22432013e-01 0.00000000e+00 0.00000000e+00 0.00000000e+00 1.00000000e+00
9.99973694e-01 5.89426094e-04 7.23981702e-03 2.67028229e-03 -5.68244254e-04 9.99995546e-01 -2.92757861e-03 -1.30641908e-02 -7.24155362e-03 2.92338001e-03 9.99969523e-01 -8.23662577e-01 0.00000000e+00 0.00000000e+00 0.00000000e+00 1.00000000e+00
9.99969042e-01 -1.53480922e-03 7.71055244e-03 5.57483650e-03 1.58417312e-03 9.99978274e-01 -6.39863680e-03 -8.27117876e-03 -7.70048147e-03 6.41065516e-03 9.99949776e-01 -8.27337513e-01 0.00000000e+00 0.00000000e+00 0.00000000e+00 1.00000000e+00
