9.99999540e-01 9.03796263e-04 2.08919048e-04 -1.54648177e-03 -9.03518605e-04 9.99998726e-01 -1.32583499e-03 1.99549984e-02 -2.10117138e-04 1.32564504e-03 9.99999099e-01 -1.31061740e+00 0.00000000e+00 0.00000000e+00 0.00000000e+00 1.00000000e+00
9.99999687e-01 7.43124879e-04 3.42823811e-04 1.59473603e-04 -7.42942093e-04 9.99999582e-01 -5.34639075e-04 2.62616434e-02 -3.43220918e-04 5.34383956e-04 9.99999816e-01 -1.31460972e+00 0.00000000e+00 0.00000000e+00 0.00000000e+00 1.00000000e+00
9.99998439e-01 1.76614194e-03 1.81915344e-04 -2.48125069e-03 -1.76638098e-03 9.99997580e-01 1.32291440e-03 2.17092837e-02 -1.79578555e-04 -1.32323293e-03 9.99999080e-01 -1.31641802e+00 0.00000000e+00 0.00000000e+00 0.00000000e+00 1.00000000e+00
9.99999950e-01 2.22074013e-04 -8.88292423e-05 -1.50592819e-03 -2.22098639e-04 9.99999967e-01 -2.77605715e-04 2.28892765e-02 8.87676438e-05 2.77625487e-04 9.99999930e-01 -1.31926801e+00 0.00000000e+00 0.00000000e+00 0.00000000e+00 1.00000000e+00
9.99999927e-01 2.90298217e-04 -1.30420339e-04 -1.98795867e-03 -2.90405956e-04 9.99999605e-01 -8.26163203e-04 1.88049746e-02 1.30180553e-04 8.26200902e-04 9.99999709e-01 -1.32059107e+00 0.00000000e+00 0.00000000e+00 0.00000000e+00 1.00000000e+00
9.99998750e-01 1.57928612e-03 -1.05036001e-04 -3.86351153e-03 -1.57939734e-03 9.99998168e-01 -1.05310695e-03 1.87170038e-02 1.03372613e-04 1.05327085e-03 9.99999402e-01 -1.32708988e+00 0.00000000e+00 0.00000000e+00 0.00000000e+00 1.00000000e+00
9.99999950e-01 -3.18975012e-04 1.75963833e-04 -1.43881838e-03 3.19132080e-04 9.99999567e-01 -8.89512963e-04 2.09898497e-02 -1.75679995e-04 8.89568996e-04 9.99999608e-01 -1.33011967e+00 0.00000000e+00 0.00000000e+00 0.00000000e+00 1.00000000e+00
9.99999835e-01 -5.55171017e-04 2.70853261e-04 -4.59435440e-04 5.54705187e-04 9.99998373e-01 1.71470256e-03 1.94482048e-02 -2.71804838e-04 -1.71455074e-03 9.99998478e-01 -1.33063401e+00 0.00000000e+00 0.00000000e+00 0.00000000e+00 1.00000000e+00
9.99996286e-01 -2.73262821e-03 1.04670193e-04 -3.09941002e-04 2.73234203e-03 9.99992713e-01 2.65113086e-03 1.26437610e-02 -1.11913993e-04 -2.65083514e-03 9.99996525e-01 -1.33464066e+00 0.00000000e+00 0.00000000e+00 0.00000000e+00 1.00000000e+00
9.99993991e-01 -3.44497545e-03 -3.39689719e-04 2.51260302e-03 3.44529439e-03 9.99993655e-01 9.40228050e-04 1.09894681e-02 3.36448452e-04 -9.41392110e-04 9.99999488e-01 -1.33784280e+00 0.00000000e+00 0.00000000e+00 0.00000000e+00 1.00000000e+00
9.99997063e-01 -2.41889620e-03 -9.08087311e-05 4.50393533e-03 2.41888333e-03 9.99997043e-01 -1.46195274e-04 1.70766373e-02 9.11621586e-05 1.45974908e-04 9.99999979e-01 -1.33843124e+00 0.00000000e+00 0.00000000e+00 0.00000000e+00 1.00000000e+00
9.99999187e-01 -1.22699713e-03 -1.39869172e-04 3.35984646e-03 1.22689768e-03 9.99999049e-01 -7.06989455e-04 2.06791555e-02 1.40736476e-04 7.06816729e-04 9.99999672e-01 -1.35019992e+00 0.00000000e+00 0.00000000e+00 0.00000000e+00 1.00000000e+00
9.99997566e-01 2.19667449e-03 -4.07801472e-04 -1.60814185e-03 -2.19774484e-03 9.99994097e-01 -2.64317916e-03 2.10400478e-02 4.01992906e-04 2.64406895e-03 9.99996514e-01 -1.35152498e+00 0.00000000e+00 0.00000000e+00 0.00000000e+00 1.00000000e+00
9.99992344e-01 3.89190505e-03 -2.25726925e-04 -4.38858368e-03 -3.89239983e-03 9.99989888e-01 -2.22895867e-03 2.27447850e-02 2.17049776e-04 2.22981907e-03 9.99997431e-01 -1.35239101e+00 0.00000000e+00 0.00000000e+00 0.00000000e+00 1.00000000e+00
9.99996219e-01 2.73916551e-03 2.99964841e-04 -4.50897503e-03 -2.73980930e-03 9.99993901e-01 2.16575478e-03 1.86551633e-02 -2.94030689e-04 -2.16656805e-03 9.99997657e-01 -1.35197798e+00 0.00000000e+00 0.00000000e+00 0.00000000e+00 1.00000000e+00
9.99998874e-01 1.48006712e-03 2.04651336e-04 6.72002356e-04 -1.48055133e-03 9.99996102e-01 2.38430259e-03 2.24456170e-02 -2.01121635e-04 -2.38460254e-03 9.99997134e-01 -1.35458284e+00 0.00000000e+00 0.00000000e+00 0.00000000e+00 1.00000000e+00
9.99997192e-01 -2.26986173e-03 -6.53984018e-04 5.55671093e-03 2.27085063e-03 9.99996235e-01 1.51474401e-03 2.62846046e-02 6.50543413e-04 -1.51622413e-03 9.99998593e-01 -1.36453502e+00 0.00000000e+00 0.00000000e+00 0.00000000e+00 1.00000000e+00
9.99995249e-01 -2.99287798e-03 -8.18977404e-04 8.30220041e-03 2.99181190e-03 9.99994671e-01 -1.30084626e-03 2.35366513e-02 8.22866869e-04 1.29838908e-03 9.99998876e-01 -1.36635919e+00 0.00000000e+00 0.00000000e+00 0.00000000e+00 1.00000000e+00
9.99998867e-01 -1.31015161e-03 -6.87673461e-04 4.98070140e-03 1.30586755e-03 9.99979985e-01 -6.19430705e-03 2.94084330e-02 6.95774278e-04 6.19340072e-03 9.99980534e-01 -1.37643353e+00 0.00000000e+00 0.00000000e+00 0.00000000e+00 1.00000000e+00
9.99996870e-01 2.49143860e-03 -4.27220684e-04 -1.38145050e-03 -2.49145574e-03 9.99996903e-01 -3.76025016e-05 2.58950138e-02 4.27126774e-04 3.86677940e-05 9.99999880e-01 -1.37150610e+00 0.00000000e+00 0.00000000e+00 0.00000000e+00 1.00000000e+00
9.99990604e-01 4.29120647e-03 4.26342039e-04 -4.19139436e-03 -4.29187419e-03 9.99989553e-01 1.57514921e-03 2.81648354e-02 -4.19578995e-04 -1.57696510e-03 9.99998748e-01 -1.37433211e+00 0.00000000e+00 0.00000000e+00 0.00000000e+00 1.00000000e+00
9.99999905e-01 5.99316052e-04 -1.83170611e-05 -4.42373713e-04 -5.99267681e-04 9.99996532e-01 2.57087465e-03 2.47739128e-02 1.98585852e-05 -2.57086149e-03 9.99996619e-01 -1.37537239e+00 0.00000000e+00 0.00000000e+00 0.00000000e+00 1.00000000e+00
9.99999810e-01 2.49549449e-04 -3.97628360e-04 8.03049495e-04 -2.48635270e-04 9.99997319e-01 2.29515263e-03 2.48698365e-02 3.98199070e-04 -2.29505324e-03 9.99997277e-01 -1.37974726e+00 0.00000000e+00 0.00000000e+00 0.00000000e+00 1.00000000e+00
9.99994230e-01 -3.31175505e-03 -7.75403552e-04 5.57717907e-03 3.31207703e-03 9.99994425e-01 4.12478921e-04 2.39596260e-02 7.74033660e-04 -4.15044727e-04 9.99999667e-01 -1.38549406e+00 0.00000000e+00 0.00000000e+00 0.00000000e+00 1.00000000e+00
9.99999509e-01 -9.40121959e-04 -3.92499207e-04 3.50038278e-03 9.40949062e-04 9.99997312e-01 2.11454999e-03 2.23785154e-02 3.90509832e-04 -2.11491776e-03 9.99997687e-01 -1.38257328e+00 0.00000000e+00 0.00000000e+00 0.00000000e+00 1.00000000e+00
9.99999566e-01 -8.93540040e-04 7.18792467e-05 3.03148288e-03 8.93507452e-04 9.99999488e-01 4.63524129e-04 2.53552345e-02 -7.22927954e-05 -4.63459801e-04 9.99999913e-01 -1.39313949e+00 0.00000000e+00 0.00000000e+00 0.00000000e+00 1.00000000e+00
1.00000007e+00 -7.30094281e-05 8.72714070e-05 2.84461996e-03 7.32101496e-05 9.99997393e-01 -2.30394276e-03 2.91864773e-02 -8.71031117e-05 2.30394915e-03 9.99997328e-01 -1.39710889e+00 0.00000000e+00 0.00000000e+00 0.00000000e+00 1.00000000e+00
9.99999604e-01 -7.72119111e-04 4.22521788e-04 1.18402776e-03 7.72793907e-04 9.99998343e-01 -1.59886848e-03 2.51925618e-02 -4.21287233e-04 1.59919392e-03 9.99998659e-01 -1.39800429e+00 0.00000000e+00 0.00000000e+00 0.00000000e+00 1.00000000e+00
9.99996274e-01 -2.70256030e-03 2.26723043e-05 2.22231010e-03 2.70255374e-03 9.99996387e-01 3.18554697e-04 2.34287703e-02 -2.35331513e-05 -3.18492306e-04 9.99999949e-01 -1.39567840e+00 0.00000000e+00 0.00000000e+00 0.00000000e+00 1.00000000e+00
9.99996855e-01 -2.53647845e-03 -1.39658971e-04 1.79338717e-03 2.53650497e-03 9.99996689e-01 1.81649970e-04 1.90812942e-02 1.39197934e-04 -1.82003553e-04 9.99999967e-01 -1.40282186e+00 0.00000000e+00 0.00000000e+00 0.00000000e+00 1.00000000e+00
9.99997663e-01 -2.15373990e-03 -5.95531563e-06 4.44794415e-03 2.15373552e-03 9.99997611e-01 -5.11023066e-04 2.69745381e-02 7.05562063e-06 5.11008978e-04 9.99999796e-01 -1.40662367e+00 0.00000000e+00 0.00000000e+00 0.00000000e+00 1.00000000e+00
9.99999281e-01 -1.10548369e-03 2.69734832e-04 1.62453526e-03 1.10555885e-03 9.99999351e-01 -2.76643275e-04 2.37434052e-02 -2.69428374e-04 2.76941153e-04 9.99999997e-01 -1.40757517e+00 0.00000000e+00 0.00000000e+00 0.00000000e+00 1.00000000e+00
9.99999454e-01 1.04963200e-03 4.28364416e-04 -1.64924586e-03 -1.04980902e-03 9.99999344e-01 4.14713330e-04 2.34567062e-02 -4.27928776e-04 -4.15162583e-04 9.99999765e-01 -1.40964195e+00 0.00000000e+00 0.00000000e+00 0.00000000e+00 1.00000000e+00
9.99999348e-01 8.34583145e-04 6.87300778e-04 -2.33354864e-03 -8.35015278e-04 9.99999454e-01 6.28847581e-04 2.00113015e-02 -6.86776357e-04 -6.29420937e-04 9.99999586e-01 -1.41308251e+00 0.00000000e+00 0.00000000e+00 0.00000000e+00 1.00000000e+00
9.99999358e-01 6.25522704e-04 9.63599356e-04 -2.26873406e-03 -6.24813829e-04 9.99999477e-01 -7.35914727e-04 2.19002939e-02 -9.64058612e-04 7.35312024e-04 9.99999280e-01 -1.41577350e+00 0.00000000e+00 0.00000000e+00 0.00000000e+00 1.00000000e+00
9.99999488e-01 -2.10192073e-04 1.00795687e-03 2.35297178e-07 2.11051625e-04 9.99999661e-01 -8.52590549e-04 2.40821487e-02 -1.00777730e-03 8.52802755e-04 9.99999078e-01 -1.42257137e+00 0.00000000e+00 0.00000000e+00 0.00000000e+00 1.00000000e+00
9.99999169e-01 -6.38027372e-04 1.06432814e-03 -1.71728069e-04 6.38295317e-04 9.99999792e-01 -2.53077892e-04 2.31464209e-02 -1.06416655e-03 2.53757156e-04 9.99999441e-01 -1.42252760e+00 0.00000000e+00 0.00000000e+00 0.00000000e+00 1.00000000e+00
9.99999359e-01 9.70114985e-06 1.17312423e-03 -8.83806506e-04 -1.01528034e-05 9.99999925e-01 3.86598191e-04 2.18616207e-02 -1.17312095e-03 -3.86610022e-04 9.99999240e-01 -1.42611814e+00 0.00000000e+00 0.00000000e+00 0.00000000e+00 1.00000000e+00
9.99999329e-01 -2.39959485e-04 1.11760747e-03 -1.68771768e-03 2.41380910e-04 9.99999163e-01 -1.27247174e-03 2.16238276e-02 -1.11730014e-03 1.27274080e-03 9.99998520e-01 -1.42881406e+00 0.00000000e+00 0.00000000e+00 0.00000000e+00 1.00000000e+00
9.99998701e-01 1.38994480e-03 8.04413036e-04 -1.86308489e-03 -1.38917126e-03 9.99998514e-01 -9.62576796e-04 2.56078985e-02 -8.05749854e-04 9.61457607e-04 9.99999269e-01 -1.42741745e+00 0.00000000e+00 0.00000000e+00 0.00000000e+00 1.00000000e+00
9.99998657e-01 1.49355163e-03 6.40821077e-04 -3.27624979e-03 -1.49361019e-03 9.99998917e-01 9.06150395e-05 2.40922461e-02 -6.40685274e-04 -9.15718560e-05 9.99999725e-01 -1.43189949e+00 0.00000000e+00 0.00000000e+00 0.00000000e+00 1.00000000e+00
9.99997294e-01 2.28130198e-03 6.25122467e-04 -4.54068766e-03 -2.28157673e-03 9.99997343e-01 4.37258990e-04 2.37812818e-02 -6.24123909e-04 -4.38683428e-04 9.99999707e-01 -1.42884440e+00 0.00000000e+00 0.00000000e+00 0.00000000e+00 1.00000000e+00
9.99999063e-01 1.34696682e-03 7.64908652e-05 -5.03853380e-03 -1.34693268e-03 9.99998943e-01 -4.37532136e-04 2.17487649e-02 -7.70801234e-05 4.37427374e-04 9.99999922e-01 -1.42808865e+00 0.00000000e+00 0.00000000e+00 0.00000000e+00 1.00000000e+00
9.99999162e-01 1.21482771e-03 -4.30520515e-04 -4.00558847e-03 -1.21510216e-03 9.99999047e-01 -6.37271211e-04 2.46232990e-02 4.29745750e-04 6.37793529e-04 9.99999765e-01 -1.42945191e+00 0.00000000e+00 0.00000000e+00 0.00000000e+00 1.00000000e+00
9.99999379e-01 1.02541065e-03 -3.84034760e-04 -3.19814034e-03 -1.02565173e-03 9.99999290e-01 -6.29427590e-04 2.59954629e-02 3.83389076e-04 6.29821961e-04 9.99999698e-01 -1.42467663e+00 0.00000000e+00 0.00000000e+00 0.00000000e+00 1.00000000e+00
9.99998097e-01 1.93183643e-03 -4.27500634e-04 -2.21204133e-03 -1.93165243e-03 9.99998033e-01 4.34692127e-04 2.82950404e-02 4.28340327e-04 -4.33865143e-04 9.99999815e-01 -1.42393972e+00 0.00000000e+00 0.00000000e+00 0.00000000e+00 1.00000000e+00
9.99998670e-01 1.50026516e-03 -4.76098691e-04 -3.99646953e-03 -1.49985973e-03 9.99998535e-01 8.50744661e-04 2.43918678e-02 4.77374232e-04 -8.50030201e-04 9.99999519e-01 -1.41982175e+00 0.00000000e+00 0.00000000e+00 0.00000000e+00 1.00000000e+00
9.99999876e-01 -7.76584092e-05 -6.45627413e-04 -1.55278226e-03 7.80282375e-05 9.99999795e-01 5.72590410e-04 2.47252916e-02 6.45582773e-04 -5.72641176e-04 9.99999661e-01 -1.41748032e+00 0.00000000e+00 0.00000000e+00 0.00000000e+00 1.00000000e+00
9.99998112e-01 -1.73786970e-03 -8.06682902e-04 5.39902213e-04 1.73782127e-03 9.99998523e-01 -6.15666234e-05 2.37755197e-02 8.06788978e-04 6.01648810e-05 9.99999610e-01 -1.41366444e+00 0.00000000e+00 0.00000000e+00 0.00000000e+00 1.00000000e+00
9.99995846e-01 -2.83157868e-03 -4.85230742e-04 6.44159196e-03 2.83092998e-03 9.99995092e-01 -1.33401251e-03 3.10250699e-02 4.89005808e-04 1.33263396e-03 9.99999031e-01 -1.41273245e+00 0.00000000e+00 0.00000000e+00 0.00000000e+00 1.00000000e+00
9.99993085e-01 -3.65931075e-03 -7.76851362e-04 5.75051505e-03 3.65829019e-03 9.99992400e-01 -1.31282768e-03 2.87882603e-02 7.81648409e-04 1.30997519e-03 9.99998804e-01 -1.41395331e+00 0.00000000e+00 0.00000000e+00 0.00000000e+00 1.00000000e+00
9.99993016e-01 -3.64681259e-03 -7.55550732e-04 7.17856528e-03 3.64639304e-03 9.99993280e-01 -5.54967032e-04 2.82171768e-02 7.57570283e-04 5.52209435e-04 9.99999571e-01 -1.40965023e+00 0.00000000e+00 0.00000000e+00 0.00000000e+00 1.00000000e+00
9.99989717e-01 -4.49164938e-03 -6.69021728e-04 6.92403582e-03 4.49191199e-03 9.99989821e-01 3.90580772e-04 2.49928837e-02 6.67260634e-04 -3.93583413e-04 9.99999745e-01 -1.39996998e+00 0.00000000e+00 0.00000000e+00 0.00000000e+00 1.00000000e+00
9.99995004e-01 -3.06527043e-03 -7.21359766e-04 5.48293754e-03 3.06562508e-03 9.99995145e-01 4.81559608e-04 2.38856216e-02 7.19880107e-04 -4.83767616e-04 9.99999565e-01 -1.40249047e+00 0.00000000e+00 0.00000000e+00 0.00000000e+00 1.00000000e+00
9.99997449e-01 -2.14891031e-03 -6.99067361e-04 8.17457059e-03 2.14909200e-03 9.99997675e-01 2.65143706e-04 3.01438119e-02 6.98495972e-04 -2.66645692e-04 9.99999728e-01 -1.40192111e+00 0.00000000e+00 0.00000000e+00 0.00000000e+00 1.00000000e+00
9.99999942e-01 -2.71968961e-04 -3.36489613e-04 3.48910266e-03 2.71924384e-04 9.99999976e-01 -1.33464979e-04 2.70222868e-02 3.36525361e-04 1.33373494e-04 9.99999990e-01 -1.39617848e+00 0.00000000e+00 0.00000000e+00 0.00000000e+00 1.00000000e+00
9.99999216e-01 1.23556350e-03 -1.54356301e-04 7.23598393e-04 -1.23558668e-03 9.99999173e-01 -1.65639918e-04 2.65698873e-02 1.54151601e-04 1.65829899e-04 9.99999923e-01 -1.39406243e+00 0.00000000e+00 0.00000000e+00 0.00000000e+00 1.00000000e+00
9.99999354e-01 1.16762129e-03 6.75951764e-05 -9.44369359e-04 -1.16769070e-03 9.99998939e-01 9.52049506e-04 2.37322494e-02 -6.64834290e-05 -9.52126917e-04 9.99999563e-01 -1.39041580e+00 0.00000000e+00 0.00000000e+00 0.00000000e+00 1.00000000e+00
9.99999644e-01 7.46718440e-04 2.80457729e-04 1.25474924e-03 -7.46749252e-04 9.99999633e-01 1.27675736e-04 2.65845992e-02 -2.80361364e-04 -1.27884882e-04 9.99999914e-01 -1.38541337e+00 0.00000000e+00 0.00000000e+00 0.00000000e+00 1.00000000e+00
9.99999931e-01 -4.46837834e-05 2.32418909e-04 1.21576135e-03 4.47443591e-05 9.99999962e-01 -2.69345749e-04 2.57214650e-02 -2.32407673e-04 2.69356720e-04 9.99999987e-01 -1.38617086e+00 0.00000000e+00 0.00000000e+00 0.00000000e+00 1.00000000e+00
9.99999834e-01 4.54576797e-04 5.33141630e-04 5.22226508e-03 -4.54855539e-04 9.99999781e-01 5.22403703e-04 2.60254310e-02 -5.32903689e-04 -5.22646578e-04 9.99999700e-01 -1.38637701e+00 0.00000000e+00 0.00000000e+00 0.00000000e+00 1.00000000e+00
9.99999666e-01 -3.54777304e-04 7.26304167e-04 7.94712174e-03 3.55043195e-04 9.99999931e-01 -3.53666047e-04 2.54101631e-02 -7.26178524e-04 3.53924343e-04 9.99999697e-01 -1.38186471e+00 0.00000000e+00 0.00000000e+00 0.00000000e+00 1.00000000e+00
9.99999466e-01 3.81251155e-04 9.41764455e-04 1.30416312e-02 -3.80600716e-04 9.99999682e-01 -7.03839847e-04 2.97107058e-02 -9.42032655e-04 7.03480509e-04 9.99999256e-01 -1.38442383e+00 0.00000000e+00 0.00000000e+00 0.00000000e+00 1.00000000e+00
9.99997068e-01 2.12557657e-03 1.14405920e-03 6.31289796e-03 -2.12438340e-03 9.99997199e-01 -1.04889973e-03 2.68844065e-02 -1.14628502e-03 1.04646594e-03 9.99998880e-01 -1.37882907e+00 0.00000000e+00 0.00000000e+00 0.00000000e+00 1.00000000e+00
9.99996969e-01 2.14219861e-03 1.21493625e-03 9.25744684e-03 -2.14133292e-03 9.99997440e-01 -7.06972290e-04 2.82462892e-02 -1.21644815e-03 7.04367884e-04 9.99998937e-01 -1.37713817e+00 0.00000000e+00 0.00000000e+00 0.00000000e+00 1.00000000e+00
9.99997800e-01 1.98814007e-03 6.26108239e-04 7.65890722e-03 -1.98803972e-03 9.99997961e-01 -1.61701094e-04 2.58751549e-02 -6.26427641e-04 1.60455735e-04 9.99999828e-01 -1.36880227e+00 0.00000000e+00 0.00000000e+00 0.00000000e+00 1.00000000e+00
9.99999034e-01 1.29068920e-03 4.73400207e-04 1.14224216e-02 -1.29101225e-03 9.99998942e-01 6.81086266e-04 2.60778908e-02 -4.72521650e-04 -6.81696399e-04 9.99999644e-01 -1.36597498e+00 0.00000000e+00 0.00000000e+00 0.00000000e+00 1.00000000e+00
9.99999210e-01 1.22523326e-03 2.77486060e-04 1.09321642e-02 -1.22537759e-03 9.99999100e-01 5.20863398e-04 2.49585564e-02 -2.76847761e-04 -5.21203520e-04 9.99999823e-01 -1.36206278e+00 0.00000000e+00 0.00000000e+00 0.00000000e+00 1.00000000e+00
9.99999814e-01 -6.61010509e-04 1.34390932e-04 1.78622724e-02 6.60958877e-04 9.99999767e-01 3.81996646e-04 2.67791311e-02 -1.34643208e-04 -3.81906182e-04 9.99999889e-01 -1.35735547e+00 0.00000000e+00 0.00000000e+00 0.00000000e+00 1.00000000e+00
9.99999988e-01 1.99781692e-04 -1.20639257e-04 1.54434098e-02 -1.99697567e-04 9.99999758e-01 6.91672072e-04 2.56039047e-02 1.20777654e-04 -6.91647974e-04 9.99999744e-01 -1.35305068e+00 0.00000000e+00 0.00000000e+00 0.00000000e+00 1.00000000e+00
9.99999669e-01 -7.26331809e-04 -2.44836522e-04 1.48152868e-02 7.26496510e-04 9.99999431e-01 6.73721724e-04 2.49355379e-02 2.44346904e-04 -6.73900290e-04 9.99999816e-01 -1.35162910e+00 0.00000000e+00 0.00000000e+00 0.00000000e+00 1.00000000e+00
9.99998644e-01 -1.59834220e-03 -3.68390578e-04 1.69579679e-02 1.59829386e-03 9.99998773e-01 -1.32114786e-04 2.60827958e-02 3.68601331e-04 1.31525789e-04 9.99999875e-01 -1.34967343e+00 0.00000000e+00 0.00000000e+00 0.00000000e+00 1.00000000e+00
9.99999884e-01 -4.63433122e-04 -2.39385339e-04 9.10669367e-03 4.63103594e-04 9.99998872e-01 -1.37708092e-03 2.39766073e-02 2.40023467e-04 1.37697011e-03 9.99999067e-01 -1.34511155e+00 0.00000000e+00 0.00000000e+00 0.00000000e+00 1.00000000e+00
9.99999169e-01 -1.29919407e-03 -1.55131465e-04 1.59162227e-02 1.29895104e-03 9.99997971e-01 -1.56093177e-03 2.98492189e-02 1.57158905e-04 1.56072865e-03 9.99998710e-01 -1.34500010e+00 0.00000000e+00 0.00000000e+00 0.00000000e+00 1.00000000e+00
9.99999869e-01 5.27117657e-04 -5.58838673e-05 1.25653849e-02 -5.27044525e-04 9.99999009e-01 1.30926847e-03 2.62375305e-02 5.65732909e-05 -1.30923874e-03 9.99999198e-01 -1.34043465e+00 0.00000000e+00 0.00000000e+00 0.00000000e+00 1.00000000e+00
9.99999999e-01 1.19596178e-04 -9.66963525e-05 1.38991523e-02 -1.19339582e-04 9.99996501e-01 2.64217770e-03 2.42693738e-02 9.70129153e-05 -2.64216534e-03 9.99996477e-01 -1.33859815e+00 0.00000000e+00 0.00000000e+00 0.00000000e+00 1.00000000e+00
9.99999863e-01 5.36635180e-04 4.01657274e-05 5.39797023e-03 -5.36682549e-04 9.99999160e-01 1.17699166e-03 1.90726316e-02 -3.95349281e-05 -1.17701303e-03 9.99999299e-01 -1.33630228e+00 0.00000000e+00 0.00000000e+00 0.00000000e+00 1.00000000e+00
9.99997689e-01 2.13263514e-03 -1.41128788e-04 1.44002528e-02 -2.13281789e-03 9.99996882e-01 -1.30516972e-03 2.87551546e-02 1.38345221e-04 1.30546768e-03 9.99999144e-01 -1.34448330e+00 0.00000000e+00 0.00000000e+00 0.00000000e+00 1.00000000e+00
9.99997025e-01 2.36840798e-03 -6.06540633e-04 1.28913632e-02 -2.36968486e-03 9.99994985e-01 -2.11188606e-03 2.92466465e-02 6.01536626e-04 2.11331694e-03 9.99997599e-01 -1.34101523e+00 0.00000000e+00 0.00000000e+00 0.00000000e+00 1.00000000e+00
9.99998334e-01 1.58178284e-03 -9.15332004e-04 2.06244742e-02 -1.58239067e-03 9.99998462e-01 -6.63166954e-04 3.27308913e-02 9.14281574e-04 6.64613990e-04 9.99999389e-01 -1.33808010e+00 0.00000000e+00 0.00000000e+00 0.00000000e+00 1.00000000e+00
9.99999309e-01 8.83856416e-04 -7.10310321e-04 1.91872733e-02 -8.82829033e-04 9.99998617e-01 1.44559364e-03 2.86511451e-02 7.11586780e-04 -1.44496585e-03 9.99998637e-01 -1.33191684e+00 0.00000000e+00 0.00000000e+00 0.00000000e+00 1.00000000e+00
9.99997999e-01 -1.90583158e-03 -6.72637028e-04 1.88875741e-02 1.90744276e-03 9.99995323e-01 2.40191692e-03 2.60119076e-02 6.68056056e-04 -2.40319467e-03 9.99996964e-01 -1.32836763e+00 0.00000000e+00 0.00000000e+00 0.00000000e+00 1.00000000e+00
9.99997437e-01 -1.94982480e-03 -1.09200644e-03 9.15900821e-03 1.95222109e-03 9.99995643e-01 2.19747884e-03 1.91762248e-02 1.08771715e-03 -2.19960441e-03 9.99996969e-01 -1.32360610e+00 0.00000000e+00 0.00000000e+00 0.00000000e+00 1.00000000e+00
9.99994450e-01 -3.03710280e-03 -1.41469982e-03 1.03487803e-02 3.03741794e-03 9.99995318e-01 2.19141228e-04 1.99312839e-02 1.41402774e-03 -2.23436853e-04 9.99998945e-01 -1.33149828e+00 0.00000000e+00 0.00000000e+00 0.00000000e+00 1.00000000e+00
9.99997918e-01 -1.43439964e-03 -1.41610131e-03 8.49343102e-03 1.43130974e-03 9.99996674e-01 -2.18034945e-03 2.10254994e-02 1.41922354e-03 2.17831763e-03 9.99996635e-01 -1.33285143e+00 0.00000000e+00 0.00000000e+00 0.00000000e+00 1.00000000e+00
9.99999471e-01 -9.45516531e-05 -1.04820836e-03 5.96002012e-03 9.19879511e-05 9.99997028e-01 -2.44469790e-03 2.25924989e-02 1.04843795e-03 2.44459923e-03 9.99996428e-01 -1.33431098e+00 0.00000000e+00 0.00000000e+00 0.00000000e+00 1.00000000e+00
9.99999240e-01 9.98223096e-04 -7.76575065e-04 4.30602998e-03 -9.98769713e-04 9.99999170e-01 -7.03876391e-04 1.99905106e-02 7.75870815e-04 7.04651570e-04 9.99999451e-01 -1.33382017e+00 0.00000000e+00 0.00000000e+00 0.00000000e+00 1.00000000e+00
9.99999328e-01 -5.04473472e-04 -1.02586704e-03 1.12708063e-02 5.05240839e-04 9.99999598e-01 7.46935969e-04 2.55008640e-02 1.02548973e-03 -7.47454497e-04 9.99999178e-01 -1.34306954e+00 0.00000000e+00 0.00000000e+00 0.00000000e+00 1.00000000e+00
9.99997687e-01 -1.75961873e-03 -1.24529503e-03 2.39874727e-02 1.76020771e-03 9.99998355e-01 4.72410353e-04 3.91995589e-02 1.24446181e-03 -4.74601439e-04 9.99999183e-01 -1.36363541e+00 0.00000000e+00 0.00000000e+00 0.00000000e+00 1.00000000e+00
9.99997274e-01 -2.02682432e-03 -1.14520730e-03 2.03697001e-02 2.02724882e-03 9.99997904e-01 3.72205315e-04 3.31483462e-02 1.14445002e-03 -3.74524421e-04 9.99999288e-01 -1.35558253e+00 0.00000000e+00 0.00000000e+00 0.00000000e+00 1.00000000e+00
9.99999051e-01 -7.46499511e-04 -1.12754580e-03 1.92921524e-02 7.47709314e-04 9.99999111e-01 1.06611906e-03 3.28845293e-02 1.12674937e-03 -1.06696114e-03 9.99998762e-01 -1.35911695e+00 0.00000000e+00 0.00000000e+00 0.00000000e+00 1.00000000e+00
9.99998792e-01 -1.08868252e-03 -1.09597520e-03 1.64428057e-02 1.08929547e-03 9.99999232e-01 5.61043473e-04 2.77498103e-02 1.09536417e-03 -5.62236763e-04 9.99999235e-01 -1.35346609e+00 0.00000000e+00 0.00000000e+00 0.00000000e+00 1.00000000e+00
9.99999268e-01 8.40439335e-04 -9.10224439e-04 2.23729123e-02 -8.40205656e-04 9.99999692e-01 2.59993033e-04 4.12105159e-02 9.10443118e-04 -2.59228042e-04 9.99999595e-01 -1.35518784e+00 0.00000000e+00 0.00000000e+00 0.00000000e+00 1.00000000e+00
9.99999601e-01 5.20266182e-04 -7.62339887e-04 1.77888444e-02 -5.20866007e-04 9.99999497e-01 -7.91869559e-04 3.47876250e-02 7.61923165e-04 7.92265732e-04 9.99999376e-01 -1.35692267e+00 0.00000000e+00 0.00000000e+00 0.00000000e+00 1.00000000e+00
9.99999221e-01 9.54400273e-04 -8.29408001e-04 2.04318099e-02 -9.55674055e-04 9.99998351e-01 -1.52710041e-03 3.93904917e-02 8.27959203e-04 1.52789238e-03 9.99998488e-01 -1.35712419e+00 0.00000000e+00 0.00000000e+00 0.00000000e+00 1.00000000e+00
9.99999440e-01 9.97033471e-04 -3.18093303e-04 1.42514873e-02 -9.97049906e-04 9.99999571e-01 -7.21237199e-05 3.08209141e-02 3.18007738e-04 7.24398845e-05 9.99999947e-01 -1.34853537e+00 0.00000000e+00 0.00000000e+00 0.00000000e+00 1.00000000e+00
9.99997864e-01 2.07405067e-03 2.70983450e-05 1.40581711e-02 -2.07404200e-03 9.99997771e-01 -3.89615385e-04 3.32470306e-02 -2.78952966e-05 3.89558535e-04 9.99999915e-01 -1.35382001e+00 0.00000000e+00 0.00000000e+00 0.00000000e+00 1.00000000e+00
9.99998532e-01 1.66285211e-03 3.28031878e-04 1.74280770e-02 -1.66267978e-03 9.99998487e-01 -5.26495654e-04 4.09708007e-02 -3.28911111e-04 5.25950141e-04 9.99999796e-01 -1.35142592e+00 0.00000000e+00 0.00000000e+00 0.00000000e+00 1.00000000e+00
9.99998651e-01 1.51105683e-03 5.41357049e-04 1.83841870e-02 -1.51125444e-03 9.99998775e-01 3.63596503e-04 4.06938965e-02 -5.40811360e-04 -3.64414687e-04 9.99999835e-01 -1.35292814e+00 0.00000000e+00 0.00000000e+00 0.00000000e+00 1.00000000e+00
9.99997983e-01 1.58901587e-03 1.25543940e-03 1.40555503e-02 -1.58911249e-03 9.99998694e-01 7.60445042e-05 3.29890205e-02 -1.25531062e-03 -7.80391772e-05 9.99999118e-01 -1.34581283e+00 0.00000000e+00 0.00000000e+00 0.00000000e+00 1.00000000e+00
9.99998657e-01 1.24621707e-03 1.07387835e-03 1.44127833e-02 -1.24513258e-03 9.99998762e-01 -1.01069499e-03 3.49880707e-02 -1.07514251e-03 1.00935682e-03 9.99998935e-01 -1.35157170e+00 0.00000000e+00 0.00000000e+00 0.00000000e+00 1.00000000e+00
9.99998292e-01 1.56071889e-03 1.02222919e-03 1.26038378e-02 -1.56039812e-03 9.99998710e-01 -3.14820328e-04 3.37323817e-02 -1.02271503e-03 3.13224393e-04 9.99999470e-01 -1.34998772e+00 0.00000000e+00 0.00000000e+00 0.00000000e+00 1.00000000e+00
9.99998834e-01 7.43440536e-04 1.30140047e-03 1.45221555e-02 -7.43555383e-04 9.99999732e-01 8.76692252e-05 3.98288412e-02 -1.30133546e-03 -8.86377985e-05 9.99999106e-01 -1.35004448e+00 0.00000000e+00 0.00000000e+00 0.00000000e+00 1.00000000e+00
9.99999158e-01 2.59392639e-04 1.25297877e-03 1.25898956e-02 -2.59970341e-04 9.99999845e-01 4.60868791e-04 3.31013652e-02 -1.25285895e-03 -4.61194066e-04 9.99999174e-01 -1.34910918e+00 0.00000000e+00 0.00000000e+00 0.00000000e+00 1.00000000e+00
9.99999454e-01 3.78488853e-04 1.04112724e-03 1.24169248e-02 -3.79008357e-04 9.99999853e-01 4.98641896e-04 3.09662896e-02 -1.04093788e-03 -4.99035496e-04 9.99999308e-01 -1.34753627e+00 0.00000000e+00 0.00000000e+00 0.00000000e+00 1.00000000e+00
9.99998099e-01 1.63708349e-03 9.89425488e-04 1.10935512e-02 -1.63883542e-03 9.99997074e-01 1.77197051e-03 3.05585722e-02 -9.86521891e-04 -1.77358841e-03 9.99997965e-01 -1.34779647e+00 0.00000000e+00 0.00000000e+00 0.00000000e+00 1.00000000e+00
9.99984086e-01 5.53011449e-03 1.13794733e-03 8.03160249e-03 -5.53174364e-03 9.99983694e-01 1.43170197e-03 3.25759105e-02 -1.13001191e-03 -1.43797361e-03 9.99998292e-01 -1.34325425e+00 0.00000000e+00 0.00000000e+00 0.00000000e+00 1.00000000e+00
9.99976390e-01 6.78946988e-03 1.10477689e-03 7.39436608e-03 -6.78631718e-03 9.99972874e-01 -2.83152478e-03 4.11565252e-02 -1.12397135e-03 2.82396019e-03 9.99995348e-01 -1.35254610e+00 0.00000000e+00 0.00000000e+00 0.00000000e+00 1.00000000e+00
9.99969748e-01 7.63502533e-03 1.46198240e-03 1.35700445e-03 -7.63361727e-03 9.99970479e-01 -9.67615615e-04 3.25055196e-02 -1.46932642e-03 9.56426482e-04 9.99998506e-01 -1.34906645e+00 0.00000000e+00 0.00000000e+00 0.00000000e+00 1.00000000e+00
9.99993728e-01 3.31981967e-03 1.24744854e-03 6.49565933e-03 -3.32281345e-03 9.99991520e-01 2.40002272e-03 3.19409406e-02 -1.23947084e-03 -2.40415323e-03 9.99996295e-01 -1.34503437e+00 0.00000000e+00 0.00000000e+00 0.00000000e+00 1.00000000e+00
9.99999938e-01 8.44005145e-05 -1.46935764e-04 1.03105297e-02 -8.38074930e-05 9.99992032e-01 4.00302459e-03 2.42271889e-02 1.47272349e-04 -4.00301099e-03 9.99991971e-01 -1.34364486e+00 0.00000000e+00 0.00000000e+00 0.00000000e+00 1.00000000e+00
9.99993404e-01 -3.54380361e-03 -8.29872397e-04 1.83555354e-02 3.54527458e-03 9.99992121e-01 1.77876416e-03 3.08698146e-02 8.23562320e-04 -1.78169392e-03 9.99998099e-01 -1.34570182e+00 0.00000000e+00 0.00000000e+00 0.00000000e+00 1.00000000e+00
9.99999646e-01 -2.55677314e-04 -7.53267923e-04 9.58317106e-03 2.55681867e-04 9.99999952e-01 1.00533146e-06 2.50043623e-02 7.53267947e-04 -1.19776424e-06 9.99999747e-01 -1.34708496e+00 0.00000000e+00 0.00000000e+00 0.00000000e+00 1.00000000e+00
9.99996148e-01 2.71991378e-03 -6.82963057e-04 2.71098020e-03 -2.72205222e-03 9.99991359e-01 -3.13501500e-03 2.88604377e-02 6.74430160e-04 3.13686087e-03 9.99994826e-01 -1.34861333e+00 0.00000000e+00 0.00000000e+00 0.00000000e+00 1.00000000e+00
9.99984961e-01 5.44459879e-03 -5.68390886e-04 -3.34833758e-03 -5.44640751e-03 9.99979949e-01 -3.24073954e-03 2.85735653e-02 5.50734682e-04 3.24378644e-03 9.99994603e-01 -1.34994549e+00 0.00000000e+00 0.00000000e+00 0.00000000e+00 1.00000000e+00
9.99991388e-01 4.15469304e-03 -1.30825621e-05 -5.80369721e-03 -4.15470483e-03 9.99991156e-01 -7.17703762e-04 2.79119263e-02 1.01005199e-05 7.17752131e-04 9.99999726e-01 -1.34893847e+00 0.00000000e+00 0.00000000e+00 0.00000000e+00 1.00000000e+00
9.99998386e-01 1.79538779e-03 5.07369190e-05 -3.69034525e-03 -1.79536613e-03 9.99998312e-01 -3.72488447e-04 2.75857572e-02 -5.14055838e-05 3.72396139e-04 9.99999960e-01 -1.34662415e+00 0.00000000e+00 0.00000000e+00 0.00000000e+00 1.00000000e+00
9.99998409e-01 -1.55361317e-03 -8.27664509e-04 2.03491355e-04 1.55332178e-03 9.99998751e-01 -3.56083401e-04 3.11452653e-02 8.28216713e-04 3.54796493e-04 9.99999553e-01 -1.35029299e+00 0.00000000e+00 0.00000000e+00 0.00000000e+00 1.00000000e+00
9.99991545e-01 -3.93420592e-03 -1.21108422e-03 6.45304455e-03 3.93466030e-03 9.99992142e-01 3.75444315e-04 2.89207592e-02 1.20959779e-03 -3.80206253e-04 9.99999263e-01 -1.34968560e+00 0.00000000e+00 0.00000000e+00 0.00000000e+00 1.00000000e+00
9.99993796e-01 -3.42057825e-03 -8.84828253e-04 1.98382469e-03 3.42271257e-03 9.99991234e-01 2.41525716e-03 2.86588708e-02 8.76559536e-04 -2.41826998e-03 9.99996647e-01 -1.35067488e+00 0.00000000e+00 0.00000000e+00 0.00000000e+00 1.00000000e+00
9.99995661e-01 -2.83555398e-03 -7.37762028e-04 1.70103915e-03 2.83618181e-03 9.99995582e-01 8.58904328e-04 2.42951048e-02 7.35323082e-04 -8.60992585e-04 9.99999354e-01 -1.35120700e+00 0.00000000e+00 0.00000000e+00 0.00000000e+00 1.00000000e+00
9.99997903e-01 -2.01222092e-03 -4.24300903e-04 1.44747726e-03 2.01165905e-03 9.99997137e-01 -1.33647960e-03 2.76139173e-02 4.26988452e-04 1.33562312e-03 9.99999054e-01 -1.35827552e+00 0.00000000e+00 0.00000000e+00 0.00000000e+00 1.00000000e+00
9.99998656e-01 -1.63815383e-03 2.29957449e-04 -4.44955357e-04 1.63809931e-03 9.99998596e-01 1.93059688e-04 2.89270568e-02 -2.30272078e-04 -1.92683016e-04 9.99999925e-01 -1.36098916e+00 0.00000000e+00 0.00000000e+00 0.00000000e+00 1.00000000e+00
9.99998012e-01 -1.91383632e-03 5.28803692e-04 2.14279349e-03 1.91256402e-03 9.99995279e-01 2.41049020e-03 2.37306001e-02 -5.33415624e-04 -2.40947346e-03 9.99996983e-01 -1.36023154e+00 0.00000000e+00 0.00000000e+00 0.00000000e+00 1.00000000e+00
9.99993816e-01 -3.48166983e-03 5.43980890e-04 4.92986509e-03 3.48007082e-03 9.99989722e-01 2.90844969e-03 2.28372359e-02 -5.54101250e-04 -2.90653835e-03 9.99995637e-01 -1.35968551e+00 0.00000000e+00 0.00000000e+00 0.00000000e+00 1.00000000e+00
9.99987951e-01 -4.89429888e-03 2.05590654e-04 -1.98681866e-02 4.89403087e-03 9.99987170e-01 1.30832543e-03 1.21077436e-02 -2.11991960e-04 -1.30730336e-03 9.99999090e-01 -1.36451049e+00 0.00000000e+00 0.00000000e+00 0.00000000e+00 1.00000000e+00
9.99989392e-01 -4.59540292e-03 -3.01075992e-04 -1.46620308e-02 4.59515046e-03 9.99989078e-01 -8.38637914e-04 2.26672313e-02 3.04927210e-04 8.37244857e-04 9.99999553e-01 -1.36891487e+00 0.00000000e+00 0.00000000e+00 0.00000000e+00 1.00000000e+00
9.99994322e-01 -3.33136528e-03 -5.34741039e-04 -1.09979808e-03 3.33003336e-03 9.99991345e-01 -2.47379081e-03 2.36065803e-02 5.42977692e-04 2.47199563e-03 9.99996844e-01 -1.37637429e+00 0.00000000e+00 0.00000000e+00 0.00000000e+00 1.00000000e+00
9.99999950e-01 -3.63738627e-04 -1.31696103e-04 -9.78077097e-03 3.63478256e-04 9.99998007e-01 -1.97571875e-03 2.27540455e-02 1.32414939e-04 1.97567108e-03 9.99998009e-01 -1.37958607e+00 0.00000000e+00 0.00000000e+00 0.00000000e+00 1.00000000e+00
9.99995655e-01 2.85407247e-03 7.80699916e-04 -1.01778753e-02 -2.85301812e-03 9.99994996e-01 -1.35016577e-03 7.91943887e-03 -7.84550249e-04 1.34793181e-03 9.99998801e-01 -1.37667233e+00 0.00000000e+00 0.00000000e+00 0.00000000e+00 1.00000000e+00
9.99995297e-01 2.55385006e-03 1.67849705e-03 -1.32269418e-02 -2.55407804e-03 9.99996745e-01 1.33472030e-04 1.14311328e-02 -1.67814981e-03 -1.37757779e-04 9.99998542e-01 -1.37555152e+00 0.00000000e+00 0.00000000e+00 0.00000000e+00 1.00000000e+00
9.99997764e-01 4.25336180e-04 2.09183965e-03 -4.64364839e-03 -4.33899044e-04 9.99991504e-01 4.09463296e-03 1.48367357e-02 -2.09008021e-03 -4.09553042e-03 9.99989455e-01 -1.38135372e+00 0.00000000e+00 0.00000000e+00 0.00000000e+00 1.00000000e+00
9.99998196e-01 -1.05718386e-03 1.52203673e-03 -3.65080579e-03 1.05032629e-03 9.99989353e-01 4.50053531e-03 1.14156161e-02 -1.52677914e-03 -4.49892777e-03 9.99988775e-01 -1.37951533e+00 0.00000000e+00 0.00000000e+00 0.00000000e+00 1.00000000e+00
9.99988477e-01 -4.77710067e-03 6.01375871e-04 5.18504918e-03 4.77654671e-03 9.99988218e-01 9.19969243e-04 1.51246537e-02 -6.05763595e-04 -9.17087634e-04 9.99999400e-01 -1.38856172e+00 0.00000000e+00 0.00000000e+00 0.00000000e+00 1.00000000e+00
9.99991751e-01 -4.06516147e-03 1.29717578e-04 4.48506609e-03 4.06533937e-03 9.99990776e-01 -1.39209995e-03 1.72905018e-02 -1.24057272e-04 1.39261638e-03 9.99999012e-01 -1.39424141e+00 0.00000000e+00 0.00000000e+00 0.00000000e+00 1.00000000e+00
9.99998476e-01 -1.71100819e-03 -2.70062828e-04 -4.27840978e-03 1.71017088e-03 9.99993798e-01 -3.07195777e-03 1.83181290e-02 2.75317316e-04 3.07149047e-03 9.99995192e-01 -1.39557152e+00 0.00000000e+00 0.00000000e+00 0.00000000e+00 1.00000000e+00
9.99999622e-01 -7.88908603e-04 -4.06787053e-04 -4.61959901e-03 7.88021942e-04 9.99997264e-01 -2.17619240e-03 2.51764297e-02 4.08502838e-04 2.17587079e-03 9.99997605e-01 -1.39943536e+00 0.00000000e+00 0.00000000e+00 0.00000000e+00 1.00000000e+00
9.99999798e-01 6.41717540e-04 -7.81742820e-05 1.10392772e-03 -6.41780920e-04 9.99999495e-01 -8.14662574e-04 2.88875023e-02 7.76514246e-05 8.14712274e-04 9.99999580e-01 -1.40151157e+00 0.00000000e+00 0.00000000e+00 0.00000000e+00 1.00000000e+00
9.99998855e-01 1.49419575e-03 5.98429973e-05 -1.04675658e-03 -1.49414893e-03 9.99998631e-01 -7.80449831e-04 2.84204734e-02 -6.10090915e-05 7.80359327e-04 9.99999755e-01 -1.40449074e+00 0.00000000e+00 0.00000000e+00 0.00000000e+00 1.00000000e+00
9.99996658e-01 2.58699685e-03 1.24065409e-05 -3.09391192e-03 -2.58699213e-03 9.99996500e-01 -4.36956905e-04 2.97978137e-02 -1.35368633e-05 4.36923218e-04 9.99999858e-01 -1.40797890e+00 0.00000000e+00 0.00000000e+00 0.00000000e+00 1.00000000e+00
9.99996391e-01 2.66350142e-03 -3.76248909e-04 -7.11268544e-04 -2.66350485e-03 9.99996477e-01 -9.01458134e-06 3.17749780e-02 3.76222882e-04 1.00166983e-05 1.00000000e+00 -1.40847634e+00 0.00000000e+00 0.00000000e+00 0.00000000e+00 1.00000000e+00
9.99995380e-01 2.99623827e-03 -3.35117517e-04 -6.91606516e-04 -2.99656027e-03 9.99995039e-01 -9.60706091e-04 3.54915621e-02 3.32237144e-04 9.61705819e-04 9.99999442e-01 -1.41834184e+00 0.00000000e+00 0.00000000e+00 0.00000000e+00 1.00000000e+00
9.99991622e-01 4.07117786e-03 -4.18944226e-04 -5.58177062e-04 -4.07192802e-03 9.99990120e-01 -1.80370345e-03 3.53288024e-02 4.11597737e-04 1.80539388e-03 9.99998316e-01 -1.41938647e+00 0.00000000e+00 0.00000000e+00 0.00000000e+00 1.00000000e+00
9.99994145e-01 3.43640628e-03 -2.26226165e-04 4.39409439e-03 -3.43641610e-03 9.99994095e-01 -3.41535656e-05 4.52719468e-02 2.26108213e-04 3.49303870e-05 9.99999915e-01 -1.42154051e+00 0.00000000e+00 0.00000000e+00 0.00000000e+00 1.00000000e+00
9.99998272e-01 -1.85219871e-03 -1.89769310e-04 7.90183039e-03 1.85298018e-03 9.99989320e-01 4.22367918e-03 3.38657049e-02 1.81944164e-04 -4.22402222e-03 9.99991123e-01 -1.42020752e+00 0.00000000e+00 0.00000000e+00 0.00000000e+00 1.00000000e+00
9.99978634e-01 -6.52375028e-03 -4.47634667e-04 1.91808937e-02 6.52616687e-03 9.99962874e-01 5.61875301e-03 4.30601584e-02 4.10962122e-04 -5.62155304e-03 9.99984081e-01 -1.42334974e+00 0.00000000e+00 0.00000000e+00 0.00000000e+00 1.00000000e+00
9.99955695e-01 -9.34039567e-03 -1.16376304e-03 2.25695252e-02 9.34099594e-03 9.99956319e-01 5.09359716e-04 3.41737196e-02 1.15895377e-03 -5.20208064e-04 9.99999240e-01 -1.43328479e+00 0.00000000e+00 0.00000000e+00 0.00000000e+00 1.00000000e+00
9.99964794e-01 -8.27623448e-03 -1.38044172e-03 2.35172476e-02 8.27033027e-03 9.99956886e-01 -4.22710159e-03 3.71772950e-02 1.41536699e-03 4.21553462e-03 9.99990020e-01 -1.43749059e+00 0.00000000e+00 0.00000000e+00 0.00000000e+00 1.00000000e+00
9.99998560e-01 -1.48493449e-03 -7.51000642e-04 1.16555870e-02 1.48313298e-03 9.99995962e-01 -2.39987678e-03 2.47251524e-02 7.54561926e-04 2.39875898e-03 9.99996844e-01 -1.43765683e+00 0.00000000e+00 0.00000000e+00 0.00000000e+00 1.00000000e+00
9.99997760e-01 2.03567664e-03 5.32229079e-04 3.98536812e-03 -2.03569378e-03 9.99997894e-01 4.32707866e-05 2.35562215e-02 -5.32139762e-04 -4.43540650e-05 9.99999854e-01 -1.43790247e+00 0.00000000e+00 0.00000000e+00 0.00000000e+00 1.00000000e+00
9.99994596e-01 3.09095044e-03 1.16679788e-03 1.81909881e-03 -3.09089914e-03 9.99995277e-01 -5.18743950e-05 2.44469450e-02 -1.16695342e-03 4.82675380e-05 9.99999327e-01 -1.44790763e+00 0.00000000e+00 0.00000000e+00 0.00000000e+00 1.00000000e+00
9.99996265e-01 2.47897445e-03 1.12442276e-03 2.94519396e-03 -2.47906051e-03 9.99996878e-01 7.48624599e-05 2.19736096e-02 -1.12423313e-03 -7.76496949e-05 9.99999361e-01 -1.44960149e+00 0.00000000e+00 0.00000000e+00 0.00000000e+00 1.00000000e+00
9.99999825e-01 -3.62090979e-04 5.12478479e-04 4.59970884e-03 3.61639874e-04 9.99999586e-01 8.79631929e-04 2.19734217e-02 -5.12796829e-04 -8.79446195e-04 9.99999501e-01 -1.45531632e+00 0.00000000e+00 0.00000000e+00 0.00000000e+00 1.00000000e+00
9.99998971e-01 -1.44517268e-03 1.07710404e-04 8.55087886e-03 1.44518755e-03 9.99998916e-01 -1.36004594e-04 3.33202353e-02 -1.07513981e-04 1.36160126e-04 1.00000001e+00 -1.46171287e+00 0.00000000e+00 0.00000000e+00 0.00000000e+00 1.00000000e+00
9.99999140e-01 -1.25262588e-03 1.25267352e-04 8.71844210e-03 1.25274998e-03 9.99998769e-01 -9.77589937e-04 3.30026629e-02 -1.24043425e-04 9.77745914e-04 9.99999532e-01 -1.46037982e+00 0.00000000e+00 0.00000000e+00 0.00000000e+00 1.00000000e+00
9.99999844e-01 5.88216602e-04 2.35572570e-04 7.27994944e-03 -5.88250478e-04 9.99999795e-01 1.36425927e-04 3.62592138e-02 -2.35491624e-04 -1.36564448e-04 9.99999932e-01 -1.46888903e+00 0.00000000e+00 0.00000000e+00 0.00000000e+00 1.00000000e+00
9.99999882e-01 4.21365352e-04 3.92778230e-04 2.40275565e-03 -4.21915611e-04 9.99998971e-01 1.40291394e-03 2.97770292e-02 -3.92186240e-04 -1.40307919e-03 9.99998903e-01 -1.47224291e+00 0.00000000e+00 0.00000000e+00 0.00000000e+00 1.00000000e+00
9.99999700e-01 7.50476447e-04 1.93623977e-04 7.79618899e-04 -7.50496037e-04 9.99999720e-01 9.63134876e-05 2.47953399e-02 -1.93551345e-04 -9.64584682e-05 9.99999980e-01 -1.47514102e+00 0.00000000e+00 0.00000000e+00 0.00000000e+00 1.00000000e+00
9.99999789e-01 -3.52131238e-04 4.49949367e-04 6.09335738e-03 3.52285492e-04 9.99999851e-01 -3.42306610e-04 2.87783642e-02 -4.49829307e-04 3.42465067e-04 9.99999877e-01 -1.48042943e+00 0.00000000e+00 0.00000000e+00 0.00000000e+00 1.00000000e+00
9.99999926e-01 -3.22356030e-05 3.42021494e-04 7.47920884e-03 3.20483603e-05 9.99999849e-01 5.48518528e-04 2.95315990e-02 -3.42039217e-04 -5.48507145e-04 9.99999846e-01 -1.47734809e+00 0.00000000e+00 0.00000000e+00 0.00000000e+00 1.00000000e+00
9.99999995e-01 -5.03835502e-05 1.97821524e-04 5.04649607e-03 5.03291047e-05 1.00000000e+00 2.71650258e-04 3.04949712e-02 -1.97835146e-04 -2.71641485e-04 9.99999889e-01 -1.48616174e+00 0.00000000e+00 0.00000000e+00 0.00000000e+00 1.00000000e+00
9.99999352e-01 -1.09856315e-03 3.46259963e-04 4.58172235e-03 1.09858421e-03 9.99999345e-01 -5.65037946e-05 2.56390142e-02 -3.46197733e-04 5.68846051e-05 9.99999939e-01 -1.48415187e+00 0.00000000e+00 0.00000000e+00 0.00000000e+00 1.00000000e+00
9.99999911e-01 3.57449034e-04 3.41111724e-04 1.40710617e-03 -3.57587646e-04 9.99999840e-01 4.06714847e-04 2.52763722e-02 -3.40966243e-04 -4.06836552e-04 9.99999841e-01 -1.48956429e+00 0.00000000e+00 0.00000000e+00 0.00000000e+00 1.00000000e+00
