9.99996705e-01 1.95740104e-03 1.63203424e-03 -4.40322208e-03 -1.95898781e-03 9.99997619e-01 9.71312081e-04 9.24702845e-03 -1.63012960e-03 -9.74505932e-04 9.99998193e-01 -5.65353913e-01 0.00000000e+00 0.00000000e+00 0.00000000e+00 1.00000000e+00
9.99999319e-01 5.12363988e-04 1.12902704e-03 8.04220074e-04 -5.13876467e-04 9.99999030e-01 1.33953938e-03 1.13207679e-02 -1.12833939e-03 -1.34011809e-03 9.99998488e-01 -5.62287927e-01 0.00000000e+00 0.00000000e+00 0.00000000e+00 1.00000000e+00
9.99998300e-01 4.75974145e-05 1.82812086e-03 6.47555718e-03 -4.98010707e-05 9.99999230e-01 1.20519749e-03 1.69991040e-02 -1.82806267e-03 -1.20528588e-03 9.99997573e-01 -5.61716855e-01 0.00000000e+00 0.00000000e+00 0.00000000e+00 1.00000000e+00
9.99995665e-01 2.10796041e-03 2.02333348e-03 3.61035366e-03 -2.11182188e-03 9.99995966e-01 1.90805357e-03 1.47394355e-02 -2.01930213e-03 -1.91231782e-03 9.99996175e-01 -5.62195269e-01 0.00000000e+00 0.00000000e+00 0.00000000e+00 1.00000000e+00
9.99995784e-01 2.46872869e-03 1.57259019e-03 7.90531480e-04 -2.47205249e-03 9.99994707e-01 2.11411138e-03 1.07244832e-02 -1.56736281e-03 -2.11798955e-03 9.99996515e-01 -5.64898006e-01 0.00000000e+00 0.00000000e+00 0.00000000e+00 1.00000000e+00
9.99998293e-01 1.16805182e-03 1.39405140e-03 3.91066460e-03 -1.16933523e-03 9.99998850e-01 9.20269630e-04 1.16360048e-02 -1.39297557e-03 -9.21899412e-04 9.99998554e-01 -5.74391442e-01 0.00000000e+00 0.00000000e+00 0.00000000e+00 1.00000000e+00
9.99999115e-01 2.22428460e-04 1.36521393e-03 5.63636444e-03 -2.21378173e-04 9.99999683e-01 -7.70170707e-04 1.45390263e-02 -1.36538508e-03 7.69868949e-04 9.99998807e-01 -5.79432939e-01 0.00000000e+00 0.00000000e+00 0.00000000e+00 1.00000000e+00
9.99999234e-01 2.83726612e-04 1.15733012e-03 7.50540596e-03 -2.83963133e-04 9.99999991e-01 2.05285947e-04 2.02123801e-02 -1.15726209e-03 -2.05614551e-04 9.99999343e-01 -5.87026124e-01 0.00000000e+00 0.00000000e+00 0.00000000e+00 1.00000000e+00
9.99999111e-01 -5.64960920e-04 1.20197620e-03 6.40428035e-03 5.62035166e-04 9.99996892e-01 2.43384847e-03 1.65141516e-02 -1.20335320e-03 -2.43316752e-03 9.99996225e-01 -5.94598663e-01 0.00000000e+00 0.00000000e+00 0.00000000e+00 1.00000000e+00
9.99997807e-01 -1.75507978e-03 1.16835286e-03 9.34242076e-03 1.75052317e-03 9.99990902e-01 3.88967262e-03 1.41416679e-02 -1.17517503e-03 -3.88762218e-03 9.99991827e-01 -6.01281922e-01 0.00000000e+00 0.00000000e+00 0.00000000e+00 1.00000000e+00
9.99998019e-01 -1.55586454e-03 1.24094847e-03 7.96005125e-03 1.55121010e-03 9.99991762e-01 3.74271368e-03 8.20935951e-03 -1.24675691e-03 -3.74078761e-03 9.99992162e-01 -6.13104046e-01 0.00000000e+00 0.00000000e+00 0.00000000e+00 1.00000000e+00
9.99998214e-01 -1.47255670e-03 1.19595278e-03 7.89115397e-03 1.47160695e-03 9.99998609e-01 7.95631414e-04 7.30138251e-03 -1.19712869e-03 -7.93854031e-04 9.99998976e-01 -6.26154918e-01 0.00000000e+00 0.00000000e+00 0.00000000e+00 1.00000000e+00
9.99996565e-01 -2.39639887e-03 1.07266163e-03 9.03192379e-03 2.40326340e-03 9.99976294e-01 -6.44461770e-03 9.78286880e-03 -1.05718242e-03 6.44717126e-03 9.99978711e-01 -6.48411417e-01 0.00000000e+00 0.00000000e+00 0.00000000e+00 1.00000000e+00
9.99999315e-01 -8.27595116e-04 7.78044196e-04 7.63220520e-03 8.35816914e-04 9.99943215e-01 -1.06270265e-02 1.64661610e-02 -7.69205474e-04 1.06276625e-02 9.99943224e-01 -6.64797547e-01 0.00000000e+00 0.00000000e+00 0.00000000e+00 1.00000000e+00
9.99999255e-01 -9.51246589e-04 7.08334151e-04 6.84107682e-03 9.56350074e-04 9.99973372e-01 -7.24013415e-03 2.32441103e-02 -7.01428648e-04 7.24080472e-03 9.99973538e-01 -6.76414895e-01 0.00000000e+00 0.00000000e+00 0.00000000e+00 1.00000000e+00
9.99996424e-01 -2.38380526e-03 1.25129801e-03 9.07214798e-03 2.38393015e-03 9.99997132e-01 -9.74857631e-05 2.24689591e-02 -1.25106479e-03 1.00468114e-04 9.99999242e-01 -6.83753642e-01 0.00000000e+00 0.00000000e+00 0.00000000e+00 1.00000000e+00
9.99996976e-01 -2.32388250e-03 8.00573691e-04 1.03739571e-02 2.31793691e-03 9.99970327e-01 7.34991474e-03 9.96191232e-03 -8.17634705e-04 -7.34803397e-03 9.99972570e-01 -6.92164865e-01 0.00000000e+00 0.00000000e+00 0.00000000e+00 1.00000000e+00
9.99999391e-01 5.83484819e-04 9.33807547e-04 4.85648792e-03 -5.90115707e-04 9.99974447e-01 7.11677215e-03 -6.89138956e-04 -9.29625536e-04 -7.11731640e-03 9.99974335e-01 -7.10859435e-01 0.00000000e+00 0.00000000e+00 0.00000000e+00 1.00000000e+00
9.99996688e-01 2.20605980e-03 1.32466194e-03 -1.10767327e-03 -2.20531995e-03 9.99997460e-01 -5.60230763e-04 -7.23263218e-05 -1.32589613e-03 5.57307035e-04 9.99998969e-01 -7.34365758e-01 0.00000000e+00 0.00000000e+00 0.00000000e+00 1.00000000e+00
9.99999449e-01 9.64676584e-04 4.28007042e-04 -6.39740531e-03 -9.60427136e-04 9.99951294e-01 -9.82230675e-03 6.60372661e-03 -4.37468606e-04 9.82188697e-03 9.99951590e-01 -7.60368620e-01 0.00000000e+00 0.00000000e+00 0.00000000e+00 1.00000000e+00
9.99999786e-01 4.64321930e-04 4.30160136e-04 -5.01108510e-03 -4.60884600e-04 9.99968251e-01 -7.95532172e-03 1.18537445e-02 -4.33834529e-04 7.95511981e-03 9.99968309e-01 -7.76534458e-01 0.00000000e+00 0.00000000e+00 0.00000000e+00 1.00000000e+00
9.99999462e-01 9.36771644e-04 4.58654814e-04 -3.14306402e-03 -9.35491363e-04 9.99995659e-01 -2.78420133e-03 1.36383629e-02 -4.61258683e-04 2.78377058e-03 9.99995985e-01 -7.88850919e-01 0.00000000e+00 0.00000000e+00 0.00000000e+00 1.00000000e+00
9.99997694e-01 2.11664775e-03 2.58240120e-04 -6.05796847e-03 -2.11690341e-03 9.99997225e-01 9.91489493e-04 9.86096718e-03 -2.56145559e-04 -9.92029499e-04 9.99999460e-01 -8.03683512e-01 0.00000000e+00 0.00000000e+00 0.00000000e+00 1.00000000e+00
9.99999719e-01 7.49645442e-04 -2.88653567e-04 -2.48419021e-03 -7.48874430e-04 9.99996248e-01 2.66374350e-03 6.89451884e-03 2.90648653e-04 -2.66353038e-03 9.99996422e-01 -8.21355284e-01 0.00000000e+00 0.00000000e+00 0.00000000e+00 1.00000000e+00
9.99997008e-01 -2.34161422e-03 -6.71792198e-04 -6.82938808e-03 2.34394084e-03 9.99991122e-01 3.48220415e-03 5.46699850e-03 6.63631584e-04 -3.48376806e-03 9.99993699e-01 -8.32993295e-01 0.00000000e+00 0.00000000e+00 0.00000000e+00 1.00000000e+00
9.99996229e-01 2.57092464e-03 -9.67062685e-04 -1.21922472e-02 -2.56575793e-03 9.99982646e-01 5.30694207e-03 6.20145557e-03 9.80692520e-04 -5.30443945e-03 9.99985514e-01 -8.46296941e-01 0.00000000e+00 0.00000000e+00 0.00000000e+00 1.00000000e+00
9.99996051e-01 2.76711024e-03 -5.84435687e-04 -1.69695550e-02 -2.76343201e-03 9.99976903e-01 6.20609914e-03 7.81466856e-03 6.01590212e-04 -6.20445858e-03 9.99980505e-01 -8.59862558e-01 0.00000000e+00 0.00000000e+00 0.00000000e+00 1.00000000e+00
9.99999088e-01 -5.87821063e-04 -1.16762644e-03 -6.32945727e-03 5.94828302e-04 9.99981843e-01 6.00924486e-03 2.75717701e-03 1.16408041e-03 -6.00992649e-03 9.99981268e-01 -8.81779555e-01 0.00000000e+00 0.00000000e+00 0.00000000e+00 1.00000000e+00
9.99999226e-01 -1.26735023e-03 -2.48398647e-04 -7.29254652e-03 1.26758220e-03 9.99998689e-01 9.37476675e-04 7.30343759e-03 2.47205561e-04 -9.37798886e-04 9.99999559e-01 -9.01155688e-01 0.00000000e+00 0.00000000e+00 0.00000000e+00 1.00000000e+00
9.99999884e-01 -4.03790904e-04 2.55526108e-04 -6.36487537e-03 4.03939336e-04 9.99999764e-01 -5.78826586e-04 1.25220298e-02 -2.55296959e-04 5.78937387e-04 9.99999836e-01 -9.20330195e-01 0.00000000e+00 0.00000000e+00 0.00000000e+00 1.00000000e+00
9.99999182e-01 -1.23862764e-03 -5.01001568e-05 -6.94854214e-03 1.23867511e-03 9.99998844e-01 9.35528445e-04 1.43908854e-02 4.89526430e-05 -9.35602775e-04 9.99999498e-01 -9.34620581e-01 0.00000000e+00 0.00000000e+00 0.00000000e+00 1.00000000e+00
9.99996355e-01 -2.72031640e-03 -1.66900017e-04 -2.42728766e-03 2.72067417e-03 9.99993844e-01 2.18128421e-03 1.29322453e-02 1.60957340e-04 -2.18171938e-03 9.99997674e-01 -9.53340901e-01 0.00000000e+00 0.00000000e+00 0.00000000e+00 1.00000000e+00
9.99993619e-01 -3.56421359e-03 1.44525853e-05 -7.61438845e-03 3.56420069e-03 9.99993326e-01 8.65226544e-04 1.19255715e-02 -1.75326413e-05 -8.65171379e-04 9.99999622e-01 -9.71866553e-01 0.00000000e+00 0.00000000e+00 0.00000000e+00 1.00000000e+00
9.99998448e-01 -1.77430987e-03 -9.49558705e-05 -2.90488252e-03 1.77429335e-03 9.99998424e-01 -1.70610788e-04 1.32361273e-02 9.52536316e-05 1.70438220e-04 9.99999958e-01 -9.76274215e-01 0.00000000e+00 0.00000000e+00 0.00000000e+00 1.00000000e+00
9.99999541e-01 -8.61967826e-04 2.24746434e-04 -2.75730835e-03 8.61994115e-04 9.99999641e-01 -1.14152960e-04 1.34638294e-02 -2.24641414e-04 1.14351583e-04 9.99999998e-01 -9.83074588e-01 0.00000000e+00 0.00000000e+00 0.00000000e+00 1.00000000e+00
1.00000003e+00 -3.11954505e-05 1.87737412e-04 -2.98064979e-03 3.11739272e-05 9.99999920e-01 1.18241216e-04 1.38110372e-02 -1.87751962e-04 -1.18230751e-04 9.99999978e-01 -9.87904366e-01 0.00000000e+00 0.00000000e+00 0.00000000e+00 1.00000000e+00
9.99999579e-01 -7.60762651e-04 3.61456032e-04 -1.86240725e-03 7.61178845e-04 9.99999074e-01 -1.15477194e-03 1.61519850e-02 -3.60569580e-04 1.15504204e-03 9.99999194e-01 -1.00158276e+00 0.00000000e+00 0.00000000e+00 0.00000000e+00 1.00000000e+00
9.99999762e-01 -6.56893003e-04 3.09205274e-04 -2.00222345e-03 6.57480967e-04 9.99997953e-01 -1.90203678e-03 1.71468834e-02 -3.07960478e-04 1.90223848e-03 9.99998208e-01 -1.00773331e+00 0.00000000e+00 0.00000000e+00 0.00000000e+00 1.00000000e+00
9.99999781e-01 -6.30841110e-04 3.47416177e-04 -1.69879801e-03 6.31281779e-04 9.99999050e-01 -1.27351500e-03 1.83100034e-02 -3.46606984e-04 1.27373281e-03 9.99999125e-01 -1.01472570e+00 0.00000000e+00 0.00000000e+00 0.00000000e+00 1.00000000e+00
9.99999964e-01 1.22467954e-04 4.42078534e-05 -2.76629863e-03 -1.22499402e-04 9.99999697e-01 7.39664939e-04 1.76778193e-02 -4.41193455e-05 -7.39672761e-04 9.99999651e-01 -1.02141953e+00 0.00000000e+00 0.00000000e+00 0.00000000e+00 1.00000000e+00
9.99999422e-01 -1.09623370e-03 1.68478259e-04 -7.66628495e-04 1.09603462e-03 9.99998734e-01 1.18027731e-03 1.50976949e-02 -1.69777522e-04 -1.18008805e-03 9.99999290e-01 -1.02900199e+00 0.00000000e+00 0.00000000e+00 0.00000000e+00 1.00000000e+00
9.99999889e-01 2.12857896e-04 3.42253109e-04 -1.41315285e-03 -2.12600424e-04 9.99999598e-01 -7.53208774e-04 1.74673201e-02 -3.42402672e-04 7.53135448e-04 9.99999671e-01 -1.03644756e+00 0.00000000e+00 0.00000000e+00 0.00000000e+00 1.00000000e+00
9.99999481e-01 7.68629414e-04 7.01959329e-04 -3.10901780e-03 -7.66718888e-04 9.99996035e-01 -2.71842989e-03 1.90277871e-02 -7.04055509e-04 2.71788437e-03 9.99996121e-01 -1.04744180e+00 0.00000000e+00 0.00000000e+00 0.00000000e+00 1.00000000e+00
9.99999874e-01 -1.59545914e-04 3.58440790e-04 -2.03094944e-03 1.60791492e-04 9.99993970e-01 -3.48103395e-03 2.13620797e-02 -3.57883910e-04 3.48109593e-03 9.99993870e-01 -1.05538601e+00 0.00000000e+00 0.00000000e+00 0.00000000e+00 1.00000000e+00
9.99999907e-01 -1.17105917e-04 5.26185238e-04 -1.81377651e-03 1.18466924e-04 9.99996602e-01 -2.58262092e-03 2.21421031e-02 -5.25877161e-04 2.58268248e-03 9.99996520e-01 -1.06326831e+00 0.00000000e+00 0.00000000e+00 0.00000000e+00 1.00000000e+00
9.99999828e-01 8.14995006e-05 5.35681682e-04 1.45991279e-04 -8.11683453e-05 9.99999834e-01 -6.21341856e-04 2.28854470e-02 -5.35728294e-04 6.21297805e-04 9.99999621e-01 -1.06310717e+00 0.00000000e+00 0.00000000e+00 0.00000000e+00 1.00000000e+00
9.99999731e-01 5.38016621e-04 3.76345322e-04 -8.46855879e-03 -5.38609036e-04 9.99998578e-01 1.57497405e-03 1.46736263e-02 -3.75500528e-04 -1.57517531e-03 9.99998675e-01 -1.07187668e+00 0.00000000e+00 0.00000000e+00 0.00000000e+00 1.00000000e+00
9.99999918e-01 -2.21342470e-04 3.43512207e-04 -1.52400237e-02 2.21231266e-04 9.99999998e-01 3.24726882e-04 1.09884545e-02 -3.43580875e-04 -3.24652057e-04 9.99999913e-01 -1.07548347e+00 0.00000000e+00 0.00000000e+00 0.00000000e+00 1.00000000e+00
9.99999880e-01 2.39556709e-04 5.42461013e-04 -6.35024676e-03 -2.39084217e-04 9.99999551e-01 -8.69944245e-04 1.97705201e-02 -5.42673483e-04 8.69814461e-04 9.99999496e-01 -1.07691728e+00 0.00000000e+00 0.00000000e+00 0.00000000e+00 1.00000000e+00
9.99999674e-01 9.29450141e-05 7.81274040e-04 -3.73958565e-03 -9.13070935e-05 9.99997781e-01 -2.09547307e-03 2.49680541e-02 -7.81468823e-04 2.09540179e-03 9.99997482e-01 -1.07781175e+00 0.00000000e+00 0.00000000e+00 0.00000000e+00 1.00000000e+00
9.99999823e-01 -6.22729944e-05 5.86484034e-04 -1.60615054e-03 6.36350372e-05 9.99997282e-01 -2.32279139e-03 2.69984540e-02 -5.86324220e-04 2.32282757e-03 9.99997168e-01 -1.07584439e+00 0.00000000e+00 0.00000000e+00 0.00000000e+00 1.00000000e+00
9.99998820e-01 -1.47658806e-03 4.70299825e-04 -3.48450409e-04 1.47685903e-03 9.99998802e-01 -5.68166913e-04 2.86281991e-02 -4.69469248e-04 5.68860477e-04 9.99999654e-01 -1.07445869e+00 0.00000000e+00 0.00000000e+00 0.00000000e+00 1.00000000e+00
9.99999535e-01 -8.40913700e-04 3.65033396e-04 4.31163756e-03 8.39418226e-04 9.99991408e-01 4.06365232e-03 1.67163835e-02 -3.68442630e-04 -4.06334330e-03 9.99991762e-01 -1.06554476e+00 0.00000000e+00 0.00000000e+00 0.00000000e+00 1.00000000e+00
9.99998894e-01 -1.53824271e-03 4.54123171e-05 8.09300557e-03 1.53802625e-03 9.99988610e-01 4.50749807e-03 8.26408554e-03 -5.23556159e-05 -4.50742200e-03 9.99989772e-01 -1.06268615e+00 0.00000000e+00 0.00000000e+00 0.00000000e+00 1.00000000e+00
9.99999592e-01 -7.84958355e-04 1.58660298e-04 5.43129676e-03 7.84868145e-04 9.99999595e-01 5.48356641e-04 1.32305155e-02 -1.59092831e-04 -5.48231649e-04 9.99999816e-01 -1.07329754e+00 0.00000000e+00 0.00000000e+00 0.00000000e+00 1.00000000e+00
1.00000004e+00 -4.27265592e-05 -1.90999505e-04 2.86313056e-03 4.21984393e-05 9.99996178e-01 -2.76500068e-03 1.58753288e-02 1.91127778e-04 2.76499202e-03 9.99996184e-01 -1.07904669e+00 0.00000000e+00 0.00000000e+00 0.00000000e+00 1.00000000e+00
9.99999551e-01 -8.69547949e-04 -1.68717386e-04 3.53301923e-03 8.69162579e-04 9.99996967e-01 -2.29130945e-03 1.62100760e-02 1.70702435e-04 2.29116134e-03 9.99997337e-01 -1.07705088e+00 0.00000000e+00 0.00000000e+00 0.00000000e+00 1.00000000e+00
9.99997703e-01 2.17361438e-03 -6.00403365e-05 -1.45102814e-03 -2.17368800e-03 9.99996746e-01 -1.30129767e-03 1.50736206e-02 5.72234943e-05 1.30142524e-03 9.99999245e-01 -1.07646611e+00 0.00000000e+00 0.00000000e+00 0.00000000e+00 1.00000000e+00
9.99999457e-01 -9.56416550e-04 -3.33629117e-04 2.42981866e-03 9.56302210e-04 9.99999579e-01 -3.24018045e-04 1.67969227e-02 3.33934877e-04 3.23698197e-04 9.99999885e-01 -1.07911588e+00 0.00000000e+00 0.00000000e+00 0.00000000e+00 1.00000000e+00
9.99997718e-01 2.10731840e-03 -4.45948014e-04 5.95059989e-04 -2.10602916e-03 9.99993664e-01 2.87142672e-03 1.04073666e-02 4.51993392e-04 -2.87048010e-03 9.99995704e-01 -1.07082154e+00 0.00000000e+00 0.00000000e+00 0.00000000e+00 1.00000000e+00
9.99999251e-01 -1.19128820e-03 -1.07230435e-04 4.84134135e-03 1.19156092e-03 9.99996115e-01 2.50508375e-03 7.00734164e-03 1.04247286e-04 -2.50520906e-03 9.99996925e-01 -1.07372374e+00 0.00000000e+00 0.00000000e+00 0.00000000e+00 1.00000000e+00
9.99999555e-01 9.09798462e-04 -1.02281756e-04 3.25354592e-03 -9.09594463e-04 9.99997551e-01 1.99505600e-03 1.04437683e-02 1.04095061e-04 -1.99496416e-03 9.99998010e-01 -1.07449515e+00 0.00000000e+00 0.00000000e+00 0.00000000e+00 1.00000000e+00
9.99999136e-01 1.31368118e-03 -4.87038882e-05 8.83144103e-03 -1.31353561e-03 9.99994669e-01 3.00215259e-03 9.49208158e-03 5.26398362e-05 -3.00208398e-03 9.99995440e-01 -1.06684883e+00 0.00000000e+00 0.00000000e+00 0.00000000e+00 1.00000000e+00
9.99998660e-01 1.62302437e-03 -1.51153880e-04 3.95870825e-03 -1.62263025e-03 9.99995386e-01 2.57309562e-03 1.14122476e-02 1.55341691e-04 -2.57284835e-03 9.99996643e-01 -1.07213619e+00 0.00000000e+00 0.00000000e+00 0.00000000e+00 1.00000000e+00
9.99999001e-01 1.46297464e-03 -1.50339286e-04 7.89846295e-03 -1.46327925e-03 9.99996774e-01 -2.04949812e-03 1.36417011e-02 1.47328927e-04 2.04972253e-03 9.99997906e-01 -1.07157241e+00 0.00000000e+00 0.00000000e+00 0.00000000e+00 1.00000000e+00
9.99998971e-01 1.37633075e-03 -8.89148916e-06 3.12174579e-03 -1.37636079e-03 9.99980613e-01 -6.08318683e-03 1.47333866e-02 5.25749526e-07 6.08318735e-03 9.99981505e-01 -1.08678500e+00 0.00000000e+00 0.00000000e+00 0.00000000e+00 1.00000000e+00
9.99999188e-01 1.25932620e-03 -2.64742401e-04 5.70598158e-03 -1.26091231e-03 9.99980699e-01 -6.08084411e-03 1.50753658e-02 2.57079674e-04 6.08117177e-03 9.99981501e-01 -1.08574735e+00 0.00000000e+00 0.00000000e+00 0.00000000e+00 1.00000000e+00
9.99998529e-01 1.70459693e-03 -1.38660198e-04 1.79045749e-03 -1.70477927e-03 9.99997697e-01 -1.31661782e-03 1.54515164e-02 1.36406182e-04 1.31685143e-03 9.99999126e-01 -1.08314535e+00 0.00000000e+00 0.00000000e+00 0.00000000e+00 1.00000000e+00
9.99995268e-01 3.08628041e-03 -2.27773635e-04 -2.10278111e-03 -3.08552693e-03 9.99989936e-01 3.24160710e-03 7.17828660e-03 2.37781228e-04 -3.24088861e-03 9.99994722e-01 -1.07927199e+00 0.00000000e+00 0.00000000e+00 0.00000000e+00 1.00000000e+00
9.99998354e-01 1.79951711e-03 -2.95457046e-05 -3.62609128e-03 -1.79941038e-03 9.99992976e-01 3.29946662e-03 5.71278054e-03 3.54896995e-05 -3.29940612e-03 9.99994555e-01 -1.07804108e+00 0.00000000e+00 0.00000000e+00 0.00000000e+00 1.00000000e+00
9.99997822e-01 -2.07883115e-03 4.35154355e-05 1.76610783e-03 2.07865264e-03 9.99990658e-01 3.78411850e-03 7.32751800e-03 -5.13843100e-05 -3.78401419e-03 9.99992818e-01 -1.07941812e+00 0.00000000e+00 0.00000000e+00 0.00000000e+00 1.00000000e+00
9.99999847e-01 6.06912715e-04 -5.51850708e-05 -4.79256305e-04 -6.06648093e-04 9.99988823e-01 4.68133717e-03 3.31812842e-03 5.80256469e-05 -4.68131269e-03 9.99989070e-01 -1.08181592e+00 0.00000000e+00 0.00000000e+00 0.00000000e+00 1.00000000e+00
9.99994357e-01 -3.31949158e-03 -5.49410658e-04 2.51847183e-03 3.31994093e-03 9.99994152e-01 8.18325734e-04 4.01025765e-03 5.46690437e-04 -8.20140762e-04 9.99999546e-01 -1.08506732e+00 0.00000000e+00 0.00000000e+00 0.00000000e+00 1.00000000e+00
9.99988184e-01 -4.76089148e-03 -9.91757905e-04 7.24350359e-03 4.75715091e-03 9.99981755e-01 -3.74160267e-03 1.13875335e-02 1.00954325e-03 3.73684098e-03 9.99992430e-01 -1.09240562e+00 0.00000000e+00 0.00000000e+00 0.00000000e+00 1.00000000e+00
9.99999010e-01 -1.40348898e-03 -1.20539518e-04 3.09992166e-03 1.40318369e-03 9.99995919e-01 -2.49590790e-03 1.28356927e-02 1.24046036e-04 2.49573479e-03 9.99996918e-01 -1.08888402e+00 0.00000000e+00 0.00000000e+00 0.00000000e+00 1.00000000e+00
9.99999689e-01 7.44267648e-04 1.66099421e-04 -1.41921734e-03 -7.44223281e-04 9.99999691e-01 -2.70000823e-04 8.18763775e-03 -1.66297206e-04 2.69876437e-04 9.99999901e-01 -1.08566531e+00 0.00000000e+00 0.00000000e+00 0.00000000e+00 1.00000000e+00
9.99998801e-01 1.50280179e-03 -1.60320035e-04 -3.11224349e-03 -1.50294771e-03 9.99998378e-01 -9.18934414e-04 1.19039476e-02 1.58940836e-04 9.19175532e-04 9.99999610e-01 -1.08780473e+00 0.00000000e+00 0.00000000e+00 0.00000000e+00 1.00000000e+00
9.99999353e-01 1.16051947e-03 2.94061738e-04 -2.82942827e-03 -1.16011719e-03 9.99998428e-01 -1.37044706e-03 1.19392945e-02 -2.95658891e-04 1.37010410e-03 9.99998971e-01 -1.08401960e+00 0.00000000e+00 0.00000000e+00 0.00000000e+00 1.00000000e+00
9.99998611e-01 1.62256347e-03 3.04281055e-04 -1.09365684e-03 -1.62200308e-03 9.99997008e-01 -1.83329503e-03 1.86451928e-02 -3.07244487e-04 1.83279819e-03 9.99998338e-01 -1.08405124e+00 0.00000000e+00 0.00000000e+00 0.00000000e+00 1.00000000e+00
9.99999014e-01 1.22575713e-03 7.11074057e-04 2.35240844e-03 -1.22435997e-03 9.99997312e-01 -1.96286156e-03 2.36819849e-02 -7.13477901e-04 1.96198775e-03 9.99997771e-01 -1.07982855e+00 0.00000000e+00 0.00000000e+00 0.00000000e+00 1.00000000e+00
9.99999554e-01 7.13533628e-04 5.89600276e-04 1.14063595e-03 -7.14153976e-04 9.99999148e-01 1.05474113e-03 2.10295241e-02 -5.88844146e-04 -1.05516038e-03 9.99999253e-01 -1.07453005e+00 0.00000000e+00 0.00000000e+00 0.00000000e+00 1.00000000e+00
9.99999831e-01 -2.33651569e-04 5.13909783e-04 4.48864013e-03 2.31655876e-04 9.99992509e-01 3.87852928e-03 1.65352842e-02 -5.14824528e-04 -3.87840928e-03 9.99992387e-01 -1.06948543e+00 0.00000000e+00 0.00000000e+00 0.00000000e+00 1.00000000e+00
9.99999664e-01 -5.93123231e-04 6.47791076e-04 4.46091435e-03 5.91576810e-04 9.99996926e-01 2.38432569e-03 1.54990435e-02 -6.49198000e-04 -2.38393236e-03 9.99996990e-01 -1.06909897e+00 0.00000000e+00 0.00000000e+00 0.00000000e+00 1.00000000e+00
9.99997738e-01 -2.05389272e-03 5.17066899e-04 1.01870414e-02 2.05473432e-03 9.99996616e-01 -1.62943929e-03 2.20839099e-02 -5.13719182e-04 1.63048917e-03 9.99998479e-01 -1.06552452e+00 0.00000000e+00 0.00000000e+00 0.00000000e+00 1.00000000e+00
9.99999328e-01 -9.26890154e-04 5.93903906e-04 7.83494327e-03 9.29325029e-04 9.99991091e-01 -4.11404906e-03 2.45999184e-02 -5.90086571e-04 4.11459728e-03 9.99991380e-01 -1.07113479e+00 0.00000000e+00 0.00000000e+00 0.00000000e+00 1.00000000e+00
9.99998804e-01 -1.45031156e-03 6.14106675e-04 8.26624625e-03 1.45289915e-03 9.99989969e-01 -4.23220775e-03 2.72941225e-02 -6.07962316e-04 4.23309431e-03 9.99990866e-01 -1.06612551e+00 0.00000000e+00 0.00000000e+00 0.00000000e+00 1.00000000e+00
9.99999277e-01 -1.10881425e-03 4.04356585e-04 5.74260686e-03 1.10926364e-03 9.99998792e-01 -1.11364893e-03 2.14525649e-02 -4.03124826e-04 1.11409640e-03 9.99999311e-01 -1.06126700e+00 0.00000000e+00 0.00000000e+00 0.00000000e+00 1.00000000e+00
9.99999828e-01 1.28683011e-04 5.28575826e-04 4.58547473e-03 -1.29906328e-04 9.99997248e-01 2.31406788e-03 1.67379541e-02 -5.28268276e-04 -2.31413574e-03 9.99997199e-01 -1.05528146e+00 0.00000000e+00 0.00000000e+00 0.00000000e+00 1.00000000e+00
9.99999852e-01 2.07925662e-04 6.28312732e-04 3.40612904e-03 -2.08591245e-04 9.99999444e-01 1.06069919e-03 1.79212779e-02 -6.28092547e-04 -1.06082955e-03 9.99999188e-01 -1.04764809e+00 0.00000000e+00 0.00000000e+00 0.00000000e+00 1.00000000e+00
9.99999839e-01 3.36877107e-04 4.93786153e-04 3.02081042e-03 -3.36763807e-04 9.99999921e-01 -2.28687370e-04 1.46724414e-02 -4.93870546e-04 2.28519881e-04 9.99999830e-01 -1.03951605e+00 0.00000000e+00 0.00000000e+00 0.00000000e+00 1.00000000e+00
9.99998928e-01 1.27661358e-03 7.17399746e-04 9.01206549e-04 -1.27647113e-03 9.99999144e-01 -1.98395612e-04 1.60869066e-02 -7.17646695e-04 1.97480304e-04 9.99999728e-01 -1.02550571e+00 0.00000000e+00 0.00000000e+00 0.00000000e+00 1.00000000e+00
9.99998662e-01 1.46068863e-03 6.49791171e-04 1.57480123e-03 -1.45968247e-03 9.99997755e-01 -1.54775699e-03 1.58065759e-02 -6.52054819e-04 1.54680625e-03 9.99998611e-01 -1.01141413e+00 0.00000000e+00 0.00000000e+00 0.00000000e+00 1.00000000e+00
9.99999868e-01 -1.22829217e-04 4.59921076e-04 4.42792335e-03 1.24024013e-04 9.99996658e-01 -2.60199166e-03 1.98092695e-02 -4.59595453e-04 2.60204776e-03 9.99996486e-01 -9.94209037e-01 0.00000000e+00 0.00000000e+00 0.00000000e+00 1.00000000e+00
9.99999295e-01 7.90908504e-04 9.70579514e-04 4.01397690e-03 -7.89592691e-04 9.99998763e-01 -1.35487305e-03 2.18343197e-02 -9.71656362e-04 1.35410543e-03 9.99998609e-01 -9.72588537e-01 0.00000000e+00 0.00000000e+00 0.00000000e+00 1.00000000e+00
9.99997374e-01 1.01550132e-03 2.02812717e-03 6.51733278e-03 -1.01542993e-03 9.99999412e-01 -3.63452556e-05 2.48901341e-02 -2.02814917e-03 3.42844131e-05 9.99997994e-01 -9.53463567e-01 0.00000000e+00 0.00000000e+00 0.00000000e+00 1.00000000e+00
9.99994303e-01 8.38787672e-04 3.27884590e-03 4.11263727e-03 -8.40665077e-04 9.99999579e-01 5.71305054e-04 2.40438461e-02 -3.27837233e-03 -5.74057014e-04 9.99994489e-01 -9.31084836e-01 0.00000000e+00 0.00000000e+00 0.00000000e+00 1.00000000e+00
9.99994031e-01 -8.62374911e-05 3.44965432e-03 6.25947772e-03 8.32154065e-05 9.99999561e-01 8.76363657e-04 2.34828446e-02 -3.44972607e-03 -8.76071285e-04 9.99993665e-01 -9.06231640e-01 0.00000000e+00 0.00000000e+00 0.00000000e+00 1.00000000e+00
9.99995123e-01 3.46858206e-04 3.10003824e-03 3.66390210e-03 -3.47353654e-04 9.99999885e-01 1.59257870e-04 2.24320450e-02 -3.09998806e-03 -1.60334319e-04 9.99995135e-01 -8.85539242e-01 0.00000000e+00 0.00000000e+00 0.00000000e+00 1.00000000e+00
9.99994527e-01 -9.95551631e-04 3.16564136e-03 9.35117886e-03 1.00052158e-03 9.99998280e-01 -1.56904645e-03 3.11900215e-02 -3.16408150e-03 1.57220578e-03 9.99993768e-01 -8.62008234e-01 0.00000000e+00 0.00000000e+00 0.00000000e+00 1.00000000e+00
9.99994868e-01 -9.89216219e-04 3.03473332e-03 7.48496776e-03 9.92046216e-04 9.99999154e-01 -9.31033744e-04 2.60268160e-02 -3.03380462e-03 9.34039347e-04 9.99994920e-01 -8.39647248e-01 0.00000000e+00 0.00000000e+00 0.00000000e+00 1.00000000e+00
9.99995351e-01 -8.83789018e-04 2.93564564e-03 1.09217009e-02 8.88401553e-04 9.99998378e-01 -1.56996003e-03 2.65182852e-02 -2.93425226e-03 1.57255938e-03 9.99994524e-01 -8.14807741e-01 0.00000000e+00 0.00000000e+00 0.00000000e+00 1.00000000e+00
9.99995189e-01 -1.46810858e-03 2.72536230e-03 9.43575117e-03 1.47049698e-03 9.99998519e-01 -8.74800530e-04 2.25601041e-02 -2.72406758e-03 8.78803880e-04 9.99995897e-01 -7.86747638e-01 0.00000000e+00 0.00000000e+00 0.00000000e+00 1.00000000e+00
9.99994846e-01 -2.08563436e-03 2.41747320e-03 1.40670666e-02 2.08711012e-03 9.99997571e-01 -6.07709670e-04 2.72035630e-02 -2.41620427e-03 6.12751352e-04 9.99996911e-01 -7.60615382e-01 0.00000000e+00 0.00000000e+00 0.00000000e+00 1.00000000e+00
9.99994446e-01 -1.97043642e-03 2.69841925e-03 1.32678485e-02 1.96788817e-03 9.99997611e-01 9.46907948e-04 2.72243628e-02 -2.70027595e-03 -9.41592802e-04 9.99995837e-01 -7.28018467e-01 0.00000000e+00 0.00000000e+00 0.00000000e+00 1.00000000e+00
9.99995423e-01 -1.61661495e-03 2.54687679e-03 1.20901090e-02 1.60790104e-03 9.99992902e-01 3.41864619e-03 2.49222178e-02 -2.55238085e-03 -3.41453333e-03 9.99990969e-01 -6.98862295e-01 0.00000000e+00 0.00000000e+00 0.00000000e+00 1.00000000e+00
9.99993755e-01 -2.57247476e-03 2.43267058e-03 1.20355002e-02 2.56300476e-03 9.99989113e-01 3.88789221e-03 1.93377041e-02 -2.44264946e-03 -3.88163250e-03 9.99989478e-01 -6.66156168e-01 0.00000000e+00 0.00000000e+00 0.00000000e+00 1.00000000e+00
9.99995156e-01 -2.21513382e-03 2.17308287e-03 1.00186418e-02 2.20924106e-03 9.99993907e-01 2.71169197e-03 2.11131707e-02 -2.17908584e-03 -2.70687747e-03 9.99993940e-01 -6.38300698e-01 0.00000000e+00 0.00000000e+00 0.00000000e+00 1.00000000e+00
9.99998128e-01 -1.70261782e-03 9.84150058e-04 8.26655384e-03 1.70141283e-03 9.99997856e-01 1.22220956e-03 2.21642214e-02 -9.86221254e-04 -1.22053262e-03 9.99998802e-01 -6.06908265e-01 0.00000000e+00 0.00000000e+00 0.00000000e+00 1.00000000e+00
9.99996501e-01 -2.50532275e-03 -8.07273081e-04 9.38412062e-03 2.50487827e-03 9.99996688e-01 -5.65930846e-04 2.22496651e-02 8.08686338e-04 5.63905816e-04 9.99999473e-01 -5.84880265e-01 0.00000000e+00 0.00000000e+00 0.00000000e+00 1.00000000e+00
9.99989887e-01 -3.58784623e-03 -2.73365328e-03 9.79077765e-03 3.58297686e-03 9.99991969e-01 -1.78082747e-03 2.50782322e-02 2.74001602e-03 1.77101487e-03 9.99994735e-01 -5.63865555e-01 0.00000000e+00 0.00000000e+00 0.00000000e+00 1.00000000e+00
9.99981947e-01 -2.74193838e-03 -5.33094253e-03 5.84552592e-03 2.73243217e-03 9.99994677e-01 -1.79035368e-03 2.28629427e-02 5.33582729e-03 1.77575439e-03 9.99984127e-01 -5.39274422e-01 0.00000000e+00 0.00000000e+00 0.00000000e+00 1.00000000e+00
9.99974308e-01 -7.30257427e-04 -7.13609333e-03 8.35047403e-04 7.16233744e-04 9.99997860e-01 -1.96702982e-03 2.01184097e-02 7.13751442e-03 1.96186772e-03 9.99972600e-01 -5.17549014e-01 0.00000000e+00 0.00000000e+00 0.00000000e+00 1.00000000e+00
9.99955199e-01 2.76651542e-04 -9.45811505e-03 -3.03882686e-03 -3.02411171e-04 9.99996196e-01 -2.72306617e-03 1.77598397e-02 9.45732954e-03 2.72580413e-03 9.99951603e-01 -4.94643154e-01 0.00000000e+00 0.00000000e+00 0.00000000e+00 1.00000000e+00
9.99932384e-01 4.86118895e-04 -1.16178107e-02 -2.59089511e-03 -5.05998896e-04 9.99998416e-01 -1.70820519e-03 2.41265352e-02 1.16169627e-02 1.71396745e-03 9.99931005e-01 -4.73798221e-01 0.00000000e+00 0.00000000e+00 0.00000000e+00 1.00000000e+00
9.99911017e-01 7.76521752e-04 -1.33173983e-02 -4.70828771e-03 -7.82771141e-04 9.99999537e-01 -4.63841397e-04 2.20835201e-02 1.33170371e-02 4.74225223e-04 9.99911224e-01 -4.50507192e-01 0.00000000e+00 0.00000000e+00 0.00000000e+00 1.00000000e+00
9.99888221e-01 2.84142129e-04 -1.49536319e-02 -6.95036680e-03 -2.79311816e-04 9.99999960e-01 3.25263766e-04 2.44723945e-02 1.49537192e-02 -3.21050522e-04 9.99888128e-01 -4.31469840e-01 0.00000000e+00 0.00000000e+00 0.00000000e+00 1.00000000e+00
9.99840614e-01 1.43607465e-03 -1.77965304e-02 -1.09727685e-02 -1.39383412e-03 9.99996174e-01 2.38557730e-03 1.85286269e-02 1.77998831e-02 -2.36039158e-03 9.99838793e-01 -4.21028359e-01 0.00000000e+00 0.00000000e+00 0.00000000e+00 1.00000000e+00
9.99779224e-01 8.16727661e-04 -2.09922302e-02 -1.28048052e-02 -7.32370410e-04 9.99991626e-01 4.02589355e-03 2.09625742e-02 2.09953399e-02 -4.00962970e-03 9.99771594e-01 -4.12192407e-01 0.00000000e+00 0.00000000e+00 0.00000000e+00 1.00000000e+00
9.99705582e-01 2.34799270e-03 -2.41502573e-02 -1.82186367e-02 -2.24240832e-03 9.99987798e-01 4.39830522e-03 1.32816416e-02 2.41603012e-02 -4.34285511e-03 9.99698574e-01 -4.01889313e-01 0.00000000e+00 0.00000000e+00 0.00000000e+00 1.00000000e+00
9.99628816e-01 2.53293436e-03 -2.71265792e-02 -2.11852091e-02 -2.47275427e-03 9.99994383e-01 2.25188330e-03 1.78380570e-02 2.71321308e-02 -2.18397112e-03 9.99629554e-01 -4.00575711e-01 0.00000000e+00 0.00000000e+00 0.00000000e+00 1.00000000e+00
9.99552986e-01 2.78065512e-03 -2.97674855e-02 -2.43053610e-02 -2.75829685e-03 9.99995887e-01 7.91918256e-04 1.05854761e-02 2.97695450e-02 -7.09450482e-04 9.99556514e-01 -3.87597898e-01 0.00000000e+00 0.00000000e+00 0.00000000e+00 1.00000000e+00
9.99470773e-01 2.66644653e-03 -3.24220220e-02 -2.65672808e-02 -2.62874753e-03 9.99995879e-01 1.20544852e-03 1.41847072e-02 3.24251705e-02 -1.11958043e-03 9.99473498e-01 -3.87600979e-01 0.00000000e+00 0.00000000e+00 0.00000000e+00 1.00000000e+00
9.99354474e-01 2.98082545e-03 -3.57994183e-02 -3.04392224e-02 -2.93017807e-03 9.99994593e-01 1.46712705e-03 1.30378584e-02 3.58035718e-02 -1.36127943e-03 9.99357923e-01 -3.74609034e-01 0.00000000e+00 0.00000000e+00 0.00000000e+00 1.00000000e+00
9.99233967e-01 3.57317932e-03 -3.89713195e-02 -3.24034123e-02 -3.56728913e-03 9.99993671e-01 2.20715775e-04 1.58153298e-02 3.89718652e-02 -8.15346997e-05 9.99240324e-01 -3.78776144e-01 0.00000000e+00 0.00000000e+00 0.00000000e+00 1.00000000e+00
9.99155766e-01 2.81247836e-03 -4.09857093e-02 -3.58241612e-02 -2.78933534e-03 9.99995906e-01 6.21897882e-04 1.07567664e-02 4.09872730e-02 -5.07048317e-04 9.99159559e-01 -3.63585756e-01 0.00000000e+00 0.00000000e+00 0.00000000e+00 1.00000000e+00
9.99074555e-01 -7.48380576e-05 -4.30132524e-02 -3.02712991e-02 1.14642011e-04 9.99999567e-01 9.22918158e-04 1.34829821e-02 4.30131566e-02 -9.26987622e-04 9.99074081e-01 -3.67304058e-01 0.00000000e+00 0.00000000e+00 0.00000000e+00 1.00000000e+00
9.98920712e-01 -2.09325494e-03 -4.63999846e-02 -2.90843676e-02 2.10831615e-03 9.99997753e-01 2.75594327e-04 9.12040086e-03 4.63993776e-02 -3.73130556e-04 9.98922847e-01 -3.63727723e-01 0.00000000e+00 0.00000000e+00 0.00000000e+00 1.00000000e+00
9.98854118e-01 -1.75290981e-04 -4.78586196e-02 -3.60569507e-02 1.25490388e-04 9.99999370e-01 -1.04354531e-03 8.83469602e-03 4.78587323e-02 1.03634623e-03 9.98853575e-01 -3.52078551e-01 0.00000000e+00 0.00000000e+00 0.00000000e+00 1.00000000e+00
9.98831758e-01 3.93992037e-04 -4.83203807e-02 -3.62364091e-02 -4.58177168e-04 9.99999048e-01 -1.31722271e-03 7.28365730e-03 4.83198459e-02 1.33783305e-03 9.98831062e-01 -3.58867839e-01 0.00000000e+00 0.00000000e+00 0.00000000e+00 1.00000000e+00
9.98749234e-01 1.81230016e-03 -4.99671231e-02 -4.28750920e-02 -1.80145999e-03 9.99998405e-01 2.61985216e-04 7.71773528e-03 4.99674895e-02 -1.71645058e-04 9.98750857e-01 -3.42887274e-01 0.00000000e+00 0.00000000e+00 0.00000000e+00 1.00000000e+00
9.98764308e-01 1.05922791e-03 -4.96870747e-02 -3.70858572e-02 -9.62969033e-04 9.99997557e-01 1.96120748e-03 8.05875989e-03 4.96890472e-02 -1.91094300e-03 9.98762872e-01 -3.49528072e-01 0.00000000e+00 0.00000000e+00 0.00000000e+00 1.00000000e+00
9.98745409e-01 1.82913662e-04 -5.00753772e-02 -4.15018072e-02 -2.76198115e-05 9.99995199e-01 3.10179905e-03 7.81947119e-03 5.00756802e-02 -3.09652496e-03 9.98740631e-01 -3.37264381e-01 0.00000000e+00 0.00000000e+00 0.00000000e+00 1.00000000e+00
9.98664313e-01 -2.19407154e-03 -5.16204604e-02 -3.02101363e-02 2.41686865e-03 9.99988024e-01 4.25404469e-03 3.91904616e-03 5.16105672e-02 -4.37313210e-03 9.98657680e-01 -3.50499655e-01 0.00000000e+00 0.00000000e+00 0.00000000e+00 1.00000000e+00
9.98579614e-01 -3.99456533e-03 -5.31309423e-02 -3.65061859e-02 4.21055153e-03 9.99983293e-01 3.95379535e-03 -6.82095624e-04 5.31141771e-02 -4.17188156e-03 9.98579694e-01 -3.43683987e-01 0.00000000e+00 0.00000000e+00 0.00000000e+00 1.00000000e+00
9.98476046e-01 -4.09911004e-03 -5.50337547e-02 -2.74883050e-02 4.23840300e-03 9.99988093e-01 2.41462354e-03 -3.86774813e-03 5.50233127e-02 -2.64419632e-03 9.98481612e-01 -3.58924105e-01 0.00000000e+00 0.00000000e+00 0.00000000e+00 1.00000000e+00
9.98475223e-01 7.28864147e-05 -5.52026907e-02 -3.22698316e-02 -3.65532388e-05 9.99999782e-01 6.59222555e-04 1.53396540e-03 5.52026190e-02 -6.56194676e-04 9.98475001e-01 -3.60929159e-01 0.00000000e+00 0.00000000e+00 0.00000000e+00 1.00000000e+00
9.98515445e-01 2.95130476e-03 -5.43896413e-02 -5.02293036e-02 -3.01418357e-03 9.99994883e-01 -1.07413511e-03 1.06109780e-03 5.43862597e-02 1.23647894e-03 9.98519176e-01 -3.54218799e-01 0.00000000e+00 0.00000000e+00 0.00000000e+00 1.00000000e+00
9.98428657e-01 -4.36681089e-04 -5.60359064e-02 -3.47047813e-02 2.58429140e-04 9.99994926e-01 -3.18832366e-03 -4.87457201e-04 5.60369763e-02 3.16883723e-03 9.98423721e-01 -3.73471171e-01 0.00000000e+00 0.00000000e+00 0.00000000e+00 1.00000000e+00
9.98401727e-01 -3.62971684e-04 -5.65128664e-02 -4.77864802e-02 2.30650110e-04 9.99997185e-01 -2.34779797e-03 1.25172878e-04 5.65136154e-02 2.33099958e-03 9.98399065e-01 -3.66260489e-01 0.00000000e+00 0.00000000e+00 0.00000000e+00 1.00000000e+00
9.98423591e-01 2.19178674e-04 -5.61270602e-02 -3.62090515e-02 -3.67923325e-04 9.99996472e-01 -2.63988553e-03 4.54706608e-03 5.61262452e-02 2.65638679e-03 9.98420145e-01 -3.79060485e-01 0.00000000e+00 0.00000000e+00 0.00000000e+00 1.00000000e+00
9.98340358e-01 1.67280618e-03 -5.75661794e-02 -5.25575260e-02 -1.92133195e-03 9.99989081e-01 -4.26212151e-03 5.29217969e-03 5.75585013e-02 4.36564369e-03 9.98332617e-01 -3.76656922e-01 0.00000000e+00 0.00000000e+00 0.00000000e+00 1.00000000e+00
9.98363928e-01 -3.26494998e-03 -5.70864894e-02 -2.94957792e-02 3.15701831e-03 9.99993052e-01 -1.98072686e-03 8.14017921e-03 5.70925169e-02 1.79726593e-03 9.98367263e-01 -3.87786198e-01 0.00000000e+00 0.00000000e+00 0.00000000e+00 1.00000000e+00
9.98471097e-01 -4.34235496e-03 -5.51059509e-02 -2.64228191e-02 4.49043320e-03 9.99986620e-01 2.56359907e-03 5.16360382e-03 5.50940786e-02 -2.80713292e-03 9.98477159e-01 -3.91298052e-01 0.00000000e+00 0.00000000e+00 0.00000000e+00 1.00000000e+00
9.98565340e-01 -1.35842007e-03 -5.35278181e-02 -3.95682403e-02 1.64044992e-03 9.99985053e-01 5.22517852e-03 -2.77849368e-05 5.35199101e-02 -5.30549558e-03 9.98552762e-01 -3.90998129e-01 0.00000000e+00 0.00000000e+00 0.00000000e+00 1.00000000e+00
9.98803416e-01 2.99550241e-04 -4.89049092e-02 -2.65082504e-02 -1.84365958e-04 9.99997157e-01 2.35978077e-03 1.18043828e-03 4.89055614e-02 -2.34793731e-03 9.98800625e-01 -4.08743015e-01 0.00000000e+00 0.00000000e+00 0.00000000e+00 1.00000000e+00
9.99047950e-01 5.55025525e-03 -4.32720653e-02 -3.91733326e-02 -5.51144353e-03 9.99984310e-01 1.01615231e-03 2.79945895e-03 4.32769446e-02 -7.76683464e-04 9.99062786e-01 -4.17714999e-01 0.00000000e+00 0.00000000e+00 0.00000000e+00 1.00000000e+00
9.99306344e-01 7.36821593e-03 -3.65031566e-02 -3.32874598e-02 -7.32936457e-03 9.99972378e-01 1.19819308e-03 1.84886181e-03 3.65110669e-02 -9.29827597e-04 9.99332792e-01 -4.34443617e-01 0.00000000e+00 0.00000000e+00 0.00000000e+00 1.00000000e+00
9.99495733e-01 4.55894289e-03 -3.14242827e-02 -2.93998490e-02 -4.47935270e-03 9.99986576e-01 2.60272019e-03 7.36497952e-06 3.14357357e-02 -2.46064347e-03 9.99502793e-01 -4.44215543e-01 0.00000000e+00 0.00000000e+00 0.00000000e+00 1.00000000e+00
9.99585028e-01 -2.32320991e-03 -2.87116798e-02 -1.21911589e-02 2.26752859e-03 9.99995516e-01 -1.97161160e-03 6.48810385e-03 2.87160888e-02 1.90568463e-03 9.99585740e-01 -4.65734340e-01 0.00000000e+00 0.00000000e+00 0.00000000e+00 1.00000000e+00
9.99637013e-01 -7.22705306e-03 -2.59538312e-02 -4.23391685e-03 7.10949998e-03 9.99964022e-01 -4.61880177e-03 6.30827839e-03 2.59862534e-02 4.43261285e-03 9.99652495e-01 -4.84715287e-01 0.00000000e+00 0.00000000e+00 0.00000000e+00 1.00000000e+00
9.99688433e-01 -5.50768196e-03 -2.43457754e-02 -7.83270351e-03 5.41165761e-03 9.99977320e-01 -4.00852547e-03 7.89742645e-03 2.43673020e-02 3.87551915e-03 9.99695532e-01 -5.00097468e-01 0.00000000e+00 0.00000000e+00 0.00000000e+00 1.00000000e+00
9.99728729e-01 3.11401049e-03 -2.30809619e-02 -1.61538028e-02 -3.18247480e-03 9.99990727e-01 -2.93024583e-03 1.12414963e-02 2.30716177e-02 3.00291011e-03 9.99729361e-01 -5.20253450e-01 0.00000000e+00 0.00000000e+00 0.00000000e+00 1.00000000e+00
9.99762080e-01 7.28171690e-03 -2.05608484e-02 -2.41295041e-02 -7.27292008e-03 9.99973391e-01 5.02524792e-04 1.03445341e-02 2.05639656e-02 -3.52867825e-04 9.99788419e-01 -5.35213943e-01 0.00000000e+00 0.00000000e+00 0.00000000e+00 1.00000000e+00
9.99820530e-01 5.15906307e-03 -1.82332236e-02 -2.35574482e-02 -5.11906563e-03 9.99984421e-01 2.24020273e-03 7.69281833e-03 1.82444941e-02 -2.14645969e-03 9.99831293e-01 -5.53697349e-01 0.00000000e+00 0.00000000e+00 0.00000000e+00 1.00000000e+00
9.99893418e-01 1.47115351e-03 -1.45257478e-02 -7.69458695e-03 -1.38842659e-03 9.99982718e-01 5.70382095e-03 -4.17662443e-03 1.45338905e-02 -5.68304889e-03 9.99878221e-01 -5.73059275e-01 0.00000000e+00 0.00000000e+00 0.00000000e+00 1.00000000e+00
9.99927307e-01 -3.17961148e-03 -1.16247943e-02 9.33345068e-04 3.23818299e-03 9.99982140e-01 5.02254805e-03 -5.48045981e-03 1.16086185e-02 -5.05981620e-03 9.99919838e-01 -5.92402731e-01 0.00000000e+00 0.00000000e+00 0.00000000e+00 1.00000000e+00
9.99974760e-01 2.07300140e-03 -6.79922469e-03 -5.87891697e-03 -2.06877141e-03 9.99997729e-01 6.30331433e-04 -2.95317113e-03 6.80051757e-03 -6.16258607e-04 9.99976703e-01 -6.18459727e-01 0.00000000e+00 0.00000000e+00 0.00000000e+00 1.00000000e+00
9.99979193e-01 5.67847557e-03 -3.06426280e-03 -1.27828647e-02 -5.69148608e-03 9.99974744e-01 -4.25626270e-03 2.20447821e-03 3.04001769e-03 4.27361869e-03 9.99986181e-01 -6.43364424e-01 0.00000000e+00 0.00000000e+00 0.00000000e+00 1.00000000e+00
9.99996433e-01 2.65655598e-03 7.78830156e-05 -4.65242255e-03 -2.65646854e-03 9.99995843e-01 -1.12103600e-03 3.20346648e-03 -8.08614156e-05 1.12081688e-03 9.99999433e-01 -6.57365588e-01 0.00000000e+00 0.00000000e+00 0.00000000e+00 1.00000000e+00
9.99998497e-01 -5.57469860e-04 1.66902015e-03 2.28625029e-03 5.58901320e-04 9.99999415e-01 -8.62426679e-04 3.00915060e-03 -1.66854259e-03 8.63354655e-04 9.99998251e-01 -6.76660273e-01 0.00000000e+00 0.00000000e+00 0.00000000e+00 1.00000000e+00
9.99989024e-01 -4.44964416e-03 1.45505732e-03 9.02564311e-03 4.44968241e-03 9.99990133e-01 -2.36578195e-05 4.75368870e-03 -1.45493742e-03 3.01416853e-05 9.99998932e-01 -6.88907227e-01 0.00000000e+00 0.00000000e+00 0.00000000e+00 1.00000000e+00
9.99999338e-01 -3.85609943e-04 1.08705912e-03 4.65866625e-04 3.83550055e-04 9.99998115e-01 1.90520790e-03 -1.28228286e-03 -1.08779328e-03 -1.90479075e-03 9.99997519e-01 -7.10307474e-01 0.00000000e+00 0.00000000e+00 0.00000000e+00 1.00000000e+00
9.99999596e-01 -5.44490557e-04 7.41424724e-04 -5.31093478e-04 5.44077356e-04 9.99999650e-01 5.57611314e-04 2.42439654e-04 -7.41725584e-04 -5.57208289e-04 9.99999578e-01 -7.23267248e-01 0.00000000e+00 0.00000000e+00 0.00000000e+00 1.00000000e+00
