9.99999510e-01 -7.19771600e-04 6.86994315e-04 1.31734987e-02 7.19682554e-04 9.99999765e-01 1.30058137e-04 2.80573525e-02 -6.87087831e-04 -1.29563660e-04 9.99999711e-01 -1.19901094e+00 0.00000000e+00 0.00000000e+00 0.00000000e+00 1.00000000e+00
9.99999454e-01 -7.11374218e-04 6.78993848e-04 1.21973768e-02 7.11286357e-04 9.99999749e-01 1.29027299e-04 2.75901459e-02 -6.79084966e-04 -1.28544201e-04 9.99999839e-01 -1.18520801e+00 0.00000000e+00 0.00000000e+00 0.00000000e+00 1.00000000e+00
9.99999567e-01 -7.15027305e-04 6.82494146e-04 1.14290103e-02 7.14939072e-04 9.99999715e-01 1.30193246e-04 2.75893619e-02 -6.82587974e-04 -1.29705153e-04 9.99999751e-01 -1.19148381e+00 0.00000000e+00 0.00000000e+00 0.00000000e+00 1.00000000e+00
9.99999490e-01 -7.15050691e-04 6.82529852e-04 1.05981298e-02 7.14962002e-04 9.99999787e-01 1.30697470e-04 2.74465181e-02 -6.82623127e-04 -1.30209485e-04 9.99999768e-01 -1.19171094e+00 0.00000000e+00 0.00000000e+00 0.00000000e+00 1.00000000e+00
9.99999497e-01 -7.16942280e-04 6.84347725e-04 9.79033564e-03 7.16853023e-04 9.99999650e-01 1.31547167e-04 2.73733837e-02 -6.84441939e-04 -1.31056514e-04 9.99999677e-01 -1.19505057e+00 0.00000000e+00 0.00000000e+00 0.00000000e+00 1.00000000e+00
9.99999542e-01 -7.14132558e-04 6.81679884e-04 8.92254365e-03 7.14042950e-04 9.99999733e-01 1.31528661e-04 2.71201208e-02 -6.81773417e-04 -1.31041710e-04 9.99999804e-01 -1.19055434e+00 0.00000000e+00 0.00000000e+00 0.00000000e+00 1.00000000e+00
9.99999554e-01 -7.15314287e-04 6.82818117e-04 8.10494708e-03 7.15224341e-04 9.99999798e-01 1.32247596e-04 2.70174894e-02 -6.82912905e-04 -1.31759289e-04 9.99999715e-01 -1.19270880e+00 0.00000000e+00 0.00000000e+00 0.00000000e+00 1.00000000e+00
9.99999487e-01 -7.14445444e-04 6.82002221e-04 7.26459198e-03 7.14355375e-04 9.99999674e-01 1.32586083e-04 2.68360972e-02 -6.82097094e-04 -1.32099000e-04 9.99999836e-01 -1.19144861e+00 0.00000000e+00 0.00000000e+00 0.00000000e+00 1.00000000e+00
9.99999511e-01 -7.14454893e-04 6.82023410e-04 6.43406809e-03 7.14365574e-04 9.99999745e-01 1.33088539e-04 2.66867928e-02 -6.82117560e-04 -1.32601218e-04 9.99999753e-01 -1.19165285e+00 0.00000000e+00 0.00000000e+00 0.00000000e+00 1.00000000e+00
9.99999538e-01 -7.14324940e-04 6.81908362e-04 5.60234150e-03 7.14233352e-04 9.99999718e-01 1.33563097e-04 2.65308811e-02 -6.82003909e-04 -1.33076084e-04 9.99999770e-01 -1.19161251e+00 0.00000000e+00 0.00000000e+00 0.00000000e+00 1.00000000e+00
9.99999458e-01 -7.14558585e-04 6.82142954e-04 4.77305049e-03 7.14467274e-04 9.99999787e-01 1.34107405e-04 2.63873869e-02 -6.82239024e-04 -1.33620500e-04 9.99999684e-01 -1.19218956e+00 0.00000000e+00 0.00000000e+00 0.00000000e+00 1.00000000e+00
9.99999636e-01 -5.77557872e-04 6.48310101e-04 3.89243141e-03 5.77486310e-04 9.99999854e-01 1.09683116e-04 2.61092667e-02 -6.48373296e-04 -1.09308389e-04 9.99999842e-01 -1.19168434e+00 0.00000000e+00 0.00000000e+00 0.00000000e+00 1.00000000e+00
9.99997996e-01 -1.78206571e-03 9.43765367e-04 3.52724466e-03 1.78176419e-03 9.99998363e-01 3.29164484e-04 2.69707620e-02 -9.44349982e-04 -3.27482266e-04 9.99999484e-01 -1.19324575e+00 0.00000000e+00 0.00000000e+00 0.00000000e+00 1.00000000e+00
9.99999815e-01 2.72702178e-04 4.49431778e-04 1.62537472e-03 -2.72685956e-04 9.99999911e-01 -5.30924674e-05 2.49150766e-02 -4.49445505e-04 5.29708454e-05 9.99999912e-01 -1.19110863e+00 0.00000000e+00 0.00000000e+00 0.00000000e+00 1.00000000e+00
9.99999716e-01 5.72119795e-04 5.95300167e-04 7.52784580e-04 -5.71927082e-04 9.99999841e-01 -3.23418615e-04 2.49801990e-02 -5.95488695e-04 3.23077513e-04 9.99999766e-01 -1.19356910e+00 0.00000000e+00 0.00000000e+00 0.00000000e+00 1.00000000e+00
9.99999762e-01 3.41113330e-04 4.90417664e-04 9.49673131e-04 -3.40919141e-04 9.99999805e-01 -3.97544110e-04 2.46822553e-02 -4.90544201e-04 3.97376504e-04 9.99999744e-01 -1.19569670e+00 0.00000000e+00 0.00000000e+00 0.00000000e+00 1.00000000e+00
9.99999765e-01 -2.43617928e-04 6.86456291e-04 1.47481795e-03 2.42981757e-04 9.99999609e-01 9.26695998e-04 2.40938871e-02 -6.86687465e-04 -9.26528155e-04 9.99999408e-01 -1.19370575e+00 0.00000000e+00 0.00000000e+00 0.00000000e+00 1.00000000e+00
9.99999828e-01 2.50703605e-04 4.85147667e-04 1.52658716e-03 -2.51210437e-04 9.99999421e-01 1.04449482e-03 2.26840046e-02 -4.84890680e-04 -1.04461631e-03 9.99999318e-01 -1.19466776e+00 0.00000000e+00 0.00000000e+00 0.00000000e+00 1.00000000e+00
9.99999513e-01 -5.98731080e-04 8.17402581e-04 2.28084636e-03 5.99218422e-04 9.99999557e-01 -5.93548122e-04 2.41066231e-02 -8.17038788e-04 5.94037545e-04 9.99999491e-01 -1.19433871e+00 0.00000000e+00 0.00000000e+00 0.00000000e+00 1.00000000e+00
9.99999725e-01 -2.34635076e-04 7.23248484e-04 1.82078078e-03 2.34725461e-04 9.99999969e-01 -1.26238961e-04 2.52856552e-02 -7.23228138e-04 1.26408243e-04 9.99999657e-01 -1.19432483e+00 0.00000000e+00 0.00000000e+00 0.00000000e+00 1.00000000e+00
9.99999529e-01 -1.38191000e-05 9.06559523e-04 1.03290874e-03 1.31170111e-05 9.99999708e-01 7.74146404e-04 2.48812817e-02 -9.06571597e-04 -7.74133671e-04 9.99999322e-01 -1.19410108e+00 0.00000000e+00 0.00000000e+00 0.00000000e+00 1.00000000e+00
9.99999599e-01 -2.57600662e-04 8.33755652e-04 1.93525375e-03 2.57880626e-04 9.99999978e-01 -3.30637106e-04 2.25378616e-02 -8.33668618e-04 3.30851924e-04 9.99999574e-01 -1.19649438e+00 0.00000000e+00 0.00000000e+00 0.00000000e+00 1.00000000e+00
9.99999403e-01 8.94254423e-04 7.22921124e-04 7.13003772e-04 -8.92694419e-04 9.99997240e-01 -2.16209718e-03 2.53262839e-02 -7.24843457e-04 2.16144968e-03 9.99997448e-01 -1.19875848e+00 0.00000000e+00 0.00000000e+00 0.00000000e+00 1.00000000e+00
9.99999352e-01 6.47156161e-04 8.98925894e-04 3.76378438e-04 -6.46977256e-04 9.99999742e-01 -1.99060259e-04 2.32333243e-02 -8.99059579e-04 1.98478485e-04 9.99999580e-01 -1.19562415e+00 0.00000000e+00 0.00000000e+00 0.00000000e+00 1.00000000e+00
9.99999559e-01 6.02201610e-04 8.03273197e-04 3.51805884e-04 -6.03312287e-04 9.99998870e-01 1.38294608e-03 2.38351788e-02 -8.02443908e-04 -1.38343036e-03 9.99998688e-01 -1.19141467e+00 0.00000000e+00 0.00000000e+00 0.00000000e+00 1.00000000e+00
9.99999376e-01 5.08799236e-04 9.85061566e-04 -3.21993496e-04 -5.09593906e-04 9.99999599e-01 8.06941201e-04 2.32882534e-02 -9.84643852e-04 -8.07442137e-04 9.99999253e-01 -1.19990496e+00 0.00000000e+00 0.00000000e+00 0.00000000e+00 1.00000000e+00
9.99999633e-01 -4.11467081e-04 7.49132662e-04 1.05761611e-03 4.11461137e-04 9.99999821e-01 8.01424234e-06 2.39187325e-02 -7.49137794e-04 -7.70572521e-06 9.99999666e-01 -1.20430105e+00 0.00000000e+00 0.00000000e+00 0.00000000e+00 1.00000000e+00
9.99999669e-01 4.79607025e-04 6.61457970e-04 7.69123612e-05 -4.79243328e-04 9.99999743e-01 -5.50348805e-04 2.52888647e-02 -6.61720350e-04 5.50031720e-04 9.99999691e-01 -1.18860267e+00 0.00000000e+00 0.00000000e+00 0.00000000e+00 1.00000000e+00
9.99999675e-01 2.49833428e-04 6.47344369e-04 2.87407555e-04 -2.49667729e-04 9.99999931e-01 -2.56688451e-04 2.63256746e-02 -6.47412529e-04 2.56526781e-04 9.99999669e-01 -1.19486853e+00 0.00000000e+00 0.00000000e+00 0.00000000e+00 1.00000000e+00
9.99999674e-01 7.58471878e-04 4.93053604e-04 -2.62308147e-04 -7.58436400e-04 9.99999800e-01 -7.26583514e-05 2.47436972e-02 -4.93106987e-04 7.22833692e-05 9.99999951e-01 -1.19806491e+00 0.00000000e+00 0.00000000e+00 0.00000000e+00 1.00000000e+00
9.99999795e-01 -6.67643717e-05 5.94605302e-04 8.06098932e-04 6.67621809e-05 9.99999958e-01 5.05623276e-06 2.55836510e-02 -5.94602886e-04 -5.01645305e-06 9.99999825e-01 -1.19706449e+00 0.00000000e+00 0.00000000e+00 0.00000000e+00 1.00000000e+00
9.99999591e-01 8.84743382e-04 2.03658849e-04 -2.86681422e-04 -8.84642694e-04 9.99999428e-01 -4.96800441e-04 2.63460443e-02 -2.04093746e-04 4.96620920e-04 9.99999867e-01 -1.19793317e+00 0.00000000e+00 0.00000000e+00 0.00000000e+00 1.00000000e+00
9.99999942e-01 -1.08184643e-04 -8.54108338e-05 1.48241700e-03 1.08081868e-04 9.99999273e-01 -1.20559233e-03 2.67589516e-02 8.55376046e-05 1.20558277e-03 9.99999202e-01 -1.19890700e+00 0.00000000e+00 0.00000000e+00 0.00000000e+00 1.00000000e+00
9.99999957e-01 -4.50432547e-04 -1.45312710e-04 1.66709186e-03 4.50295277e-04 9.99999543e-01 -9.43877931e-04 2.79925782e-02 1.45739262e-04 9.43811858e-04 9.99999593e-01 -1.19724106e+00 0.00000000e+00 0.00000000e+00 0.00000000e+00 1.00000000e+00
9.99999669e-01 -8.02523272e-04 -5.52023187e-05 2.48170889e-03 8.02546656e-04 9.99999552e-01 4.15435440e-04 2.70251907e-02 5.48630715e-05 -4.15479135e-04 9.99999883e-01 -1.19658914e+00 0.00000000e+00 0.00000000e+00 0.00000000e+00 1.00000000e+00
9.99999661e-01 -8.30453127e-04 -1.05325156e-04 3.15329364e-03 8.30463058e-04 9.99999661e-01 9.42862912e-05 2.51513003e-02 1.05254511e-04 -9.43737004e-05 9.99999993e-01 -1.19754445e+00 0.00000000e+00 0.00000000e+00 0.00000000e+00 1.00000000e+00
9.99995479e-01 -2.94494635e-03 -4.56701199e-04 6.90313679e-03 2.94425870e-03 9.99994470e-01 -1.50780198e-03 2.52847637e-02 4.61128544e-04 1.50645056e-03 9.99998780e-01 -1.20007604e+00 0.00000000e+00 0.00000000e+00 0.00000000e+00 1.00000000e+00
9.99998804e-01 -2.14739835e-04 -1.57557941e-03 4.31233990e-03 2.09798123e-04 9.99995123e-01 -3.13554437e-03 2.61729557e-02 1.57625354e-03 3.13520831e-03 9.99993850e-01 -1.20019579e+00 0.00000000e+00 0.00000000e+00 0.00000000e+00 1.00000000e+00
9.99998336e-01 -5.15192122e-04 -1.72959212e-03 4.42041870e-03 5.10424594e-04 9.99996032e-01 -2.75033279e-03 2.65829959e-02 1.73100505e-03 2.74944570e-03 9.99994718e-01 -1.20058771e+00 0.00000000e+00 0.00000000e+00 0.00000000e+00 1.00000000e+00
9.99998455e-01 -2.30123884e-04 -1.74559351e-03 3.32504562e-03 2.24347120e-04 9.99994528e-01 -3.31214863e-03 2.72608522e-02 1.74633428e-03 3.31174689e-03 9.99992994e-01 -1.20534986e+00 0.00000000e+00 0.00000000e+00 0.00000000e+00 1.00000000e+00
9.99999139e-01 3.43484680e-04 -1.28374497e-03 2.78008370e-03 -3.46205378e-04 9.99997693e-01 -2.11959663e-03 2.88813270e-02 1.28301548e-03 2.12004239e-03 9.99996860e-01 -1.20294496e+00 0.00000000e+00 0.00000000e+00 0.00000000e+00 1.00000000e+00
9.99997553e-01 1.66182798e-03 -1.47447624e-03 1.09515296e-03 -1.65929650e-03 9.99997107e-01 1.71570548e-03 2.36035577e-02 1.47732633e-03 -1.71325764e-03 9.99997491e-01 -1.19886713e+00 0.00000000e+00 0.00000000e+00 0.00000000e+00 1.00000000e+00
9.99999212e-01 -5.03022911e-04 -1.08203815e-03 3.64337281e-03 5.05508930e-04 9.99997275e-01 2.30348689e-03 2.25824583e-02 1.08087278e-03 -2.30402763e-03 9.99996743e-01 -1.20106611e+00 0.00000000e+00 0.00000000e+00 0.00000000e+00 1.00000000e+00
9.99999037e-01 -1.15103383e-03 -8.16575104e-04 5.46346522e-03 1.15118112e-03 9.99999303e-01 1.73705540e-04 2.38955745e-02 8.16383582e-04 -1.74644777e-04 9.99999664e-01 -1.20123294e+00 0.00000000e+00 0.00000000e+00 0.00000000e+00 1.00000000e+00
9.99999553e-01 9.68885879e-04 -4.51767780e-05 2.22259886e-03 -9.68864756e-04 9.99999441e-01 4.65286649e-04 2.47099611e-02 4.56260397e-05 -4.65242176e-04 9.99999842e-01 -1.20535509e+00 0.00000000e+00 0.00000000e+00 0.00000000e+00 1.00000000e+00
9.99999530e-01 6.60081407e-04 7.33656348e-04 2.94256480e-03 -6.60609991e-04 9.99999544e-01 7.20408423e-04 2.47433229e-02 -7.33184480e-04 -7.20891930e-04 9.99999503e-01 -1.20391578e+00 0.00000000e+00 0.00000000e+00 0.00000000e+00 1.00000000e+00
9.99998810e-01 -1.67922556e-04 1.53504910e-03 2.56730028e-03 1.67830039e-04 9.99999907e-01 6.17227988e-05 2.47141379e-02 -1.53505010e-03 -6.14666529e-05 9.99998855e-01 -1.20506017e+00 0.00000000e+00 0.00000000e+00 0.00000000e+00 1.00000000e+00
9.99998827e-01 -2.53961642e-06 1.54060749e-03 3.03471558e-03 4.86167582e-06 9.99998876e-01 -1.50952420e-03 2.88453756e-02 -1.54060694e-03 1.50953029e-03 9.99997661e-01 -1.20746808e+00 0.00000000e+00 0.00000000e+00 0.00000000e+00 1.00000000e+00
9.99999481e-01 9.01061223e-06 9.68379470e-04 3.54673168e-03 -8.64093302e-06 9.99999941e-01 -3.75165745e-04 2.67225359e-02 -9.68382646e-04 3.75157420e-04 9.99999412e-01 -1.20486058e+00 0.00000000e+00 0.00000000e+00 0.00000000e+00 1.00000000e+00
9.99999196e-01 -9.63210804e-04 8.33428147e-04 4.73850016e-03 9.62979554e-04 9.99999495e-01 2.63711554e-04 2.60981759e-02 -8.33688952e-04 -2.62908963e-04 9.99999707e-01 -1.20601073e+00 0.00000000e+00 0.00000000e+00 0.00000000e+00 1.00000000e+00
9.99999663e-01 -3.94977941e-04 7.11204654e-04 3.96324819e-03 3.94900764e-04 9.99999913e-01 1.25318432e-04 2.66262550e-02 -7.11258788e-04 -1.25037337e-04 9.99999656e-01 -1.20358190e+00 0.00000000e+00 0.00000000e+00 0.00000000e+00 1.00000000e+00
9.99999787e-01 6.34673216e-04 1.68752472e-04 2.90463241e-03 -6.34770829e-04 9.99999632e-01 5.53782641e-04 2.63459656e-02 -1.68394998e-04 -5.53889862e-04 9.99999877e-01 -1.20359836e+00 0.00000000e+00 0.00000000e+00 0.00000000e+00 1.00000000e+00
9.99999119e-01 1.27489350e-03 2.08868657e-04 1.03948582e-03 -1.27509997e-03 9.99998741e-01 9.83797548e-04 2.55721756e-02 -2.07608245e-04 -9.84063304e-04 9.99999482e-01 -1.20189124e+00 0.00000000e+00 0.00000000e+00 0.00000000e+00 1.00000000e+00
9.99999933e-01 4.37484798e-04 3.58879520e-04 2.54149214e-03 -4.37150141e-04 9.99999468e-01 -9.30126928e-04 2.47466789e-02 -3.59296264e-04 9.29969286e-04 9.99999552e-01 -1.20015877e+00 0.00000000e+00 0.00000000e+00 0.00000000e+00 1.00000000e+00
9.99999945e-01 4.56772611e-05 2.47643090e-04 2.29357111e-03 -4.51357225e-05 9.99997590e-01 -2.18602569e-03 2.85828089e-02 -2.47732180e-04 2.18601893e-03 9.99997559e-01 -1.20286083e+00 0.00000000e+00 0.00000000e+00 0.00000000e+00 1.00000000e+00
9.99999872e-01 -4.68080583e-04 2.86274935e-04 3.67959887e-03 4.67666358e-04 9.99998861e-01 1.44662186e-03 2.54178032e-02 -2.86952544e-04 -1.44649141e-03 9.99998894e-01 -1.19730637e+00 0.00000000e+00 0.00000000e+00 0.00000000e+00 1.00000000e+00
9.99998715e-01 -1.54157375e-03 5.46944085e-05 5.45539919e-03 1.54147206e-03 9.99997372e-01 1.68412388e-03 2.21974069e-02 -5.72923988e-05 -1.68403796e-03 9.99998577e-01 -1.19364163e+00 0.00000000e+00 0.00000000e+00 0.00000000e+00 1.00000000e+00
9.99997706e-01 -2.15983207e-03 7.93734350e-05 6.37132785e-03 2.15985323e-03 9.99997705e-01 -1.64594822e-04 2.51106336e-02 -7.90168655e-05 1.64765610e-04 1.00000002e+00 -1.19437777e+00 0.00000000e+00 0.00000000e+00 0.00000000e+00 1.00000000e+00
9.99998427e-01 -1.80404169e-03 -6.31097567e-05 5.60378835e-03 1.80403312e-03 9.99998273e-01 -2.59244104e-04 2.51584581e-02 6.35745927e-05 2.59130172e-04 9.99999933e-01 -1.19104715e+00 0.00000000e+00 0.00000000e+00 0.00000000e+00 1.00000000e+00
9.99998570e-01 -1.64435287e-03 -2.06677008e-04 5.36036619e-03 1.64424483e-03 9.99998590e-01 -4.80301814e-04 2.52400295e-02 2.07469184e-04 4.79961906e-04 9.99999836e-01 -1.18997929e+00 0.00000000e+00 0.00000000e+00 0.00000000e+00 1.00000000e+00
9.99999425e-01 -3.91833024e-04 -9.58358123e-04 3.96208891e-03 3.90934244e-04 9.99999420e-01 -9.40306687e-04 2.77918491e-02 9.58733767e-04 9.39931814e-04 9.99999064e-01 -1.18624024e+00 0.00000000e+00 0.00000000e+00 0.00000000e+00 1.00000000e+00
9.99996547e-01 -1.65702028e-03 -2.06061512e-03 5.31513527e-03 1.65574973e-03 9.99998475e-01 -6.15056765e-04 2.79392242e-02 2.06162037e-03 6.11640157e-04 9.99997731e-01 -1.18531161e+00 0.00000000e+00 0.00000000e+00 0.00000000e+00 1.00000000e+00
9.99996330e-01 5.78851615e-04 -2.65300867e-03 1.66270330e-03 -5.76898218e-04 9.99999562e-01 7.36434237e-04 2.97995616e-02 2.65343239e-03 -7.34899249e-04 9.99996177e-01 -1.17794828e+00 0.00000000e+00 0.00000000e+00 0.00000000e+00 1.00000000e+00
9.99991245e-01 3.44734651e-03 -2.36924582e-03 -2.92212864e-03 -3.43422817e-03 9.99978895e-01 5.51548918e-03 2.19107780e-02 2.38821316e-03 -5.50730364e-03 9.99982051e-01 -1.17521238e+00 0.00000000e+00 0.00000000e+00 0.00000000e+00 1.00000000e+00
9.99996771e-01 -5.68576286e-04 -2.46521756e-03 8.23223624e-04 5.72701835e-04 9.99998406e-01 1.67414677e-03 2.21354801e-02 2.46426296e-03 -1.67555176e-03 9.99995482e-01 -1.17551358e+00 0.00000000e+00 0.00000000e+00 0.00000000e+00 1.00000000e+00
9.99995665e-01 7.11447533e-04 -2.87200301e-03 4.17586052e-04 -7.22664003e-04 9.99992112e-01 -3.90627108e-03 2.88305291e-02 2.86920101e-03 3.90832776e-03 9.99988279e-01 -1.17816819e+00 0.00000000e+00 0.00000000e+00 0.00000000e+00 1.00000000e+00
9.99994501e-01 -8.67894314e-05 -3.29529319e-03 2.97881410e-04 8.02711612e-05 9.99998097e-01 -1.97675366e-03 2.90903397e-02 3.29545882e-03 1.97647821e-03 9.99992672e-01 -1.17363926e+00 0.00000000e+00 0.00000000e+00 0.00000000e+00 1.00000000e+00
9.99991906e-01 -4.27176185e-04 -4.01878626e-03 3.37983647e-03 4.35981018e-04 9.99997494e-01 2.18937308e-03 2.40071411e-02 4.01784091e-03 -2.19110633e-03 9.99989475e-01 -1.16598693e+00 0.00000000e+00 0.00000000e+00 0.00000000e+00 1.00000000e+00
9.99993459e-01 9.04992513e-04 -3.48770551e-03 -5.68360139e-04 -8.96191761e-04 9.99996422e-01 2.52488818e-03 2.39199514e-02 3.48997884e-03 -2.52174644e-03 9.99990784e-01 -1.16453957e+00 0.00000000e+00 0.00000000e+00 0.00000000e+00 1.00000000e+00
9.99993182e-01 1.43881108e-03 -3.40917557e-03 -1.81106561e-03 -1.42572758e-03 9.99991573e-01 3.83535508e-03 2.33378776e-02 3.41466572e-03 -3.83046695e-03 9.99986750e-01 -1.15895647e+00 0.00000000e+00 0.00000000e+00 0.00000000e+00 1.00000000e+00
9.99994147e-01 8.68322682e-04 -3.29443872e-03 -7.87649291e-04 -8.64860278e-04 9.99999063e-01 1.05485227e-03 2.30265032e-02 3.29535606e-03 -1.05199684e-03 9.99994039e-01 -1.15957591e+00 0.00000000e+00 0.00000000e+00 0.00000000e+00 1.00000000e+00
9.99993486e-01 1.66743688e-04 -3.61473080e-03 1.73170366e-03 -1.73763878e-04 9.99998121e-01 -1.94090126e-03 2.52126466e-02 3.61439384e-03 1.94151634e-03 9.99991575e-01 -1.15962075e+00 0.00000000e+00 0.00000000e+00 0.00000000e+00 1.00000000e+00
9.99992018e-01 -1.11337390e-03 -3.82704719e-03 2.44906166e-03 1.10978240e-03 9.99998954e-01 -9.44229161e-04 2.56291482e-02 3.82809612e-03 9.39974335e-04 9.99992222e-01 -1.15432361e+00 0.00000000e+00 0.00000000e+00 0.00000000e+00 1.00000000e+00
9.99993198e-01 3.79874092e-04 -3.69361190e-03 5.58014167e-04 -3.71489389e-04 9.99997335e-01 2.27196583e-03 2.40429565e-02 3.69446302e-03 -2.27057798e-03 9.99990614e-01 -1.15301629e+00 0.00000000e+00 0.00000000e+00 0.00000000e+00 1.00000000e+00
9.99994407e-01 3.87004938e-04 -3.30782366e-03 -1.69567041e-04 -3.78615080e-04 9.99996766e-01 2.53894442e-03 2.09634563e-02 3.30879258e-03 -2.53767664e-03 9.99991313e-01 -1.15002487e+00 0.00000000e+00 0.00000000e+00 0.00000000e+00 1.00000000e+00
9.99994717e-01 -7.71471896e-05 -3.26395296e-03 1.16417106e-04 7.83277486e-05 9.99999898e-01 3.61662843e-04 2.20128800e-02 3.26393306e-03 -3.61916213e-04 9.99994671e-01 -1.15068653e+00 0.00000000e+00 0.00000000e+00 0.00000000e+00 1.00000000e+00
9.99995001e-01 1.30785060e-03 -2.86292988e-03 -1.15227491e-03 -1.31145125e-03 9.99998309e-01 -1.25903075e-03 2.36581117e-02 2.86127262e-03 1.26277796e-03 9.99995077e-01 -1.15383526e+00 0.00000000e+00 0.00000000e+00 0.00000000e+00 1.00000000e+00
9.99995887e-01 7.08419584e-04 -2.78508915e-03 -1.60656770e-03 -7.12181612e-04 9.99998836e-01 -1.34923483e-03 2.35864340e-02 2.78413058e-03 1.35121346e-03 9.99995238e-01 -1.15556062e+00 0.00000000e+00 0.00000000e+00 0.00000000e+00 1.00000000e+00
9.99995929e-01 7.49178595e-04 -2.73841480e-03 -1.72656460e-03 -7.54335627e-04 9.99997934e-01 -1.88259936e-03 2.46293907e-02 2.73700611e-03 1.88465717e-03 9.99994474e-01 -1.15674183e+00 0.00000000e+00 0.00000000e+00 0.00000000e+00 1.00000000e+00
9.99996441e-01 1.08296220e-03 -2.44181850e-03 -3.04581086e-03 -1.08585476e-03 9.99998733e-01 -1.18356417e-03 2.58228256e-02 2.44052802e-03 1.18621142e-03 9.99996305e-01 -1.15653235e+00 0.00000000e+00 0.00000000e+00 0.00000000e+00 1.00000000e+00
9.99996493e-01 1.38736482e-03 -2.28491658e-03 -2.73990634e-03 -1.38248373e-03 9.99996814e-01 2.13664464e-03 2.33930702e-02 2.28787662e-03 -2.13347783e-03 9.99995084e-01 -1.15395826e+00 0.00000000e+00 0.00000000e+00 0.00000000e+00 1.00000000e+00
9.99996132e-01 1.62663601e-03 -2.21335944e-03 -4.19370864e-03 -1.61876845e-03 9.99992353e-01 3.55208274e-03 2.01099385e-02 2.21911988e-03 -3.54848512e-03 9.99991225e-01 -1.15925883e+00 0.00000000e+00 0.00000000e+00 0.00000000e+00 1.00000000e+00
9.99997918e-01 -2.02099991e-04 -2.07402043e-03 -1.85353938e-03 2.08614006e-04 9.99995025e-01 3.14104682e-03 1.81746788e-02 2.07337595e-03 -3.14147270e-03 9.99992940e-01 -1.16059940e+00 0.00000000e+00 0.00000000e+00 0.00000000e+00 1.00000000e+00
9.99998630e-01 -9.64226141e-05 -1.63002843e-03 -1.98527072e-03 9.80857357e-05 9.99999529e-01 1.02040433e-03 1.95872665e-02 1.62992611e-03 -1.02056187e-03 9.99998167e-01 -1.16915995e+00 0.00000000e+00 0.00000000e+00 0.00000000e+00 1.00000000e+00
9.99999844e-01 -9.01731252e-05 -6.03151278e-04 -6.74443256e-04 8.98005291e-05 9.99999779e-01 -6.18902548e-04 2.13451965e-02 6.03212209e-04 6.18847488e-04 9.99999559e-01 -1.17609521e+00 0.00000000e+00 0.00000000e+00 0.00000000e+00 1.00000000e+00
9.99999609e-01 -2.95075514e-04 7.59137367e-04 -4.08653745e-04 2.96596765e-04 9.99997978e-01 -2.00456527e-03 2.34303163e-02 -7.58547101e-04 2.00478913e-03 9.99997707e-01 -1.18217826e+00 0.00000000e+00 0.00000000e+00 0.00000000e+00 1.00000000e+00
9.99998899e-01 6.07239595e-04 1.37438283e-03 -1.83950492e-03 -6.05006236e-04 9.99998458e-01 -1.62569343e-03 2.48299260e-02 -1.37537430e-03 1.62485963e-03 9.99997825e-01 -1.18563033e+00 0.00000000e+00 0.00000000e+00 0.00000000e+00 1.00000000e+00
9.99997963e-01 -3.09621298e-04 2.00454379e-03 -3.23398343e-03 3.10898352e-04 9.99999765e-01 -6.36230157e-04 2.52806550e-02 -2.00433556e-03 6.36851986e-04 9.99997729e-01 -1.19266950e+00 0.00000000e+00 0.00000000e+00 0.00000000e+00 1.00000000e+00
9.99996977e-01 -1.72369667e-04 2.46342207e-03 -1.56070535e-03 1.73807289e-04 9.99999752e-01 -5.83346115e-04 2.44428392e-02 -2.46333286e-03 5.83772728e-04 9.99996848e-01 -1.19914660e+00 0.00000000e+00 0.00000000e+00 0.00000000e+00 1.00000000e+00
9.99994962e-01 -4.80792251e-04 3.10641086e-03 -1.84481642e-03 4.80700525e-04 9.99999900e-01 3.04666297e-05 2.48011487e-02 -3.10641760e-03 -2.89735288e-05 9.99995098e-01 -1.20040138e+00 0.00000000e+00 0.00000000e+00 0.00000000e+00 1.00000000e+00
9.99991944e-01 -1.44712706e-03 3.75922398e-03 2.68518368e-04 1.44587214e-03 9.99998884e-01 3.36398214e-04 2.43500639e-02 -3.75970823e-03 -3.30960209e-04 9.99992877e-01 -1.20555729e+00 0.00000000e+00 0.00000000e+00 0.00000000e+00 1.00000000e+00
9.99992294e-01 -1.46074465e-04 3.91188368e-03 -1.70903645e-03 1.46781218e-04 1.00000004e+00 -1.80526245e-04 2.47580824e-02 -3.91185694e-03 1.81099611e-04 9.99992407e-01 -1.20745826e+00 0.00000000e+00 0.00000000e+00 0.00000000e+00 1.00000000e+00
9.99991586e-01 -6.77890660e-04 4.05197284e-03 -2.21586024e-03 6.82327734e-04 9.99999141e-01 -1.09347023e-03 2.72367362e-02 -4.05122677e-03 1.09622504e-03 9.99991138e-01 -1.21359454e+00 0.00000000e+00 0.00000000e+00 0.00000000e+00 1.00000000e+00
9.99990616e-01 -2.05895986e-04 4.32911873e-03 -1.91843779e-03 2.09377170e-04 9.99999638e-01 -8.03748908e-04 2.72161045e-02 -4.32895455e-03 8.04646948e-04 9.99990286e-01 -1.21611891e+00 0.00000000e+00 0.00000000e+00 0.00000000e+00 1.00000000e+00
9.99990093e-01 -1.69176756e-04 4.45506074e-03 -2.62833419e-03 1.72431753e-04 9.99999772e-01 -7.30270025e-04 2.70707023e-02 -4.45493210e-03 7.31031395e-04 9.99989820e-01 -1.21668691e+00 0.00000000e+00 0.00000000e+00 0.00000000e+00 1.00000000e+00
9.99988370e-01 -3.86009734e-04 4.79156096e-03 -1.46162107e-03 3.86845358e-04 9.99999848e-01 -1.73481857e-04 2.63514717e-02 -4.79150061e-03 1.75333405e-04 9.99988528e-01 -1.21895406e+00 0.00000000e+00 0.00000000e+00 0.00000000e+00 1.00000000e+00
9.99987479e-01 -8.30848692e-04 4.93934302e-03 -8.34252339e-04 8.30806805e-04 9.99999643e-01 1.11813197e-05 2.73201547e-02 -4.93934798e-03 -7.07743893e-06 9.99987845e-01 -1.22036864e+00 0.00000000e+00 0.00000000e+00 0.00000000e+00 1.00000000e+00
9.99987638e-01 -5.14071156e-04 4.95674824e-03 -2.15261712e-03 5.12560153e-04 9.99999844e-01 3.07087701e-04 2.83612576e-02 -4.95690535e-03 -3.04543270e-04 9.99987599e-01 -1.22323653e+00 0.00000000e+00 0.00000000e+00 0.00000000e+00 1.00000000e+00
9.99988745e-01 -8.85873304e-04 4.64619648e-03 -1.90150923e-03 8.83033519e-04 9.99999484e-01 6.11645316e-04 2.93966824e-02 -4.64673570e-03 -6.07535281e-04 9.99989066e-01 -1.22563254e+00 0.00000000e+00 0.00000000e+00 0.00000000e+00 1.00000000e+00
9.99991574e-01 -1.83694376e-03 3.68776135e-03 -2.59106604e-04 1.83577148e-03 9.99998220e-01 3.22049801e-04 2.87591335e-02 -3.68834766e-03 -3.15276997e-04 9.99993119e-01 -1.22834919e+00 0.00000000e+00 0.00000000e+00 0.00000000e+00 1.00000000e+00
9.99995026e-01 -2.34423156e-03 2.12075123e-03 1.48243900e-03 2.34462332e-03 9.99997255e-01 -1.85630652e-04 2.87733671e-02 -2.12030933e-03 1.90600846e-04 9.99997743e-01 -1.23156596e+00 0.00000000e+00 0.00000000e+00 0.00000000e+00 1.00000000e+00
9.99999084e-01 -9.53027832e-04 9.65389231e-04 9.28322184e-04 9.52747978e-04 9.99999459e-01 2.88171229e-04 2.75620652e-02 -9.65664457e-04 -2.87250664e-04 9.99999492e-01 -1.22997819e+00 0.00000000e+00 0.00000000e+00 0.00000000e+00 1.00000000e+00
9.99997102e-01 -2.12826461e-03 1.08691946e-03 3.14189268e-03 2.12871107e-03 9.99997684e-01 -4.09460033e-04 2.60592854e-02 -1.08604423e-03 4.11772837e-04 9.99999289e-01 -1.24119353e+00 0.00000000e+00 0.00000000e+00 0.00000000e+00 1.00000000e+00
9.99998515e-01 -1.40407449e-03 1.01510445e-03 2.30329775e-03 1.40526535e-03 9.99998322e-01 -1.16335329e-03 2.71706883e-02 -1.01347018e-03 1.16477772e-03 9.99998836e-01 -1.24056898e+00 0.00000000e+00 0.00000000e+00 0.00000000e+00 1.00000000e+00
9.99999730e-01 -3.85829473e-05 7.54816794e-04 8.98957957e-04 3.85590886e-05 1.00000002e+00 3.86350896e-05 2.76676115e-02 -7.54818146e-04 -3.86060129e-05 9.99999711e-01 -1.24126694e+00 0.00000000e+00 0.00000000e+00 0.00000000e+00 1.00000000e+00
9.99994242e-01 -3.25676596e-03 8.78962290e-04 6.13120741e-03 3.25824902e-03 9.99993289e-01 -1.69347561e-03 2.52085954e-02 -8.73443729e-04 1.69632880e-03 9.99998151e-01 -1.24619386e+00 0.00000000e+00 0.00000000e+00 0.00000000e+00 1.00000000e+00
9.99998489e-01 -1.60154178e-03 6.46478460e-04 4.72857785e-03 1.60341840e-03 9.99994404e-01 -2.92094514e-03 2.78408514e-02 -6.41792980e-04 2.92197698e-03 9.99995577e-01 -1.25001731e+00 0.00000000e+00 0.00000000e+00 0.00000000e+00 1.00000000e+00
9.99999180e-01 1.03111826e-03 7.88180787e-04 1.73235782e-03 -1.03072705e-03 9.99999311e-01 -4.97190468e-04 2.47374994e-02 -7.88701737e-04 4.96377706e-04 9.99999552e-01 -1.24970105e+00 0.00000000e+00 0.00000000e+00 0.00000000e+00 1.00000000e+00
9.99999860e-01 2.72109781e-04 4.97989072e-04 1.24831573e-03 -2.73069617e-04 9.99998185e-01 1.91602295e-03 2.11710623e-02 -4.97458673e-04 -1.91615853e-03 9.99998023e-01 -1.25025221e+00 0.00000000e+00 0.00000000e+00 0.00000000e+00 1.00000000e+00
9.99995995e-01 2.72744775e-03 7.46382144e-04 -2.85725789e-03 -2.72692216e-03 9.99996029e-01 -6.88805582e-04 2.31976244e-02 -7.48260136e-04 6.86768064e-04 9.99999481e-01 -1.25549128e+00 0.00000000e+00 0.00000000e+00 0.00000000e+00 1.00000000e+00
9.99996598e-01 2.37373638e-03 1.05852492e-03 -5.20117844e-03 -2.37171108e-03 9.99995284e-01 -1.92134281e-03 2.62040906e-02 -1.06308583e-03 1.91882540e-03 9.99997629e-01 -1.25782237e+00 0.00000000e+00 0.00000000e+00 0.00000000e+00 1.00000000e+00
9.99996023e-01 2.81191123e-03 3.37485495e-04 -2.91201034e-03 -2.81128685e-03 9.99994393e-01 -1.84819088e-03 2.65321427e-02 -3.42673905e-04 1.84723331e-03 9.99998232e-01 -1.26232455e+00 0.00000000e+00 0.00000000e+00 0.00000000e+00 1.00000000e+00
9.99998322e-01 1.78421159e-03 3.44917886e-04 -2.50167523e-03 -1.78357224e-03 9.99996702e-01 -1.83247960e-03 2.71055191e-02 -3.48185325e-04 1.83186184e-03 9.99998226e-01 -1.26330145e+00 0.00000000e+00 0.00000000e+00 0.00000000e+00 1.00000000e+00
9.99990512e-01 4.35287496e-03 -7.58340877e-05 -4.84190118e-03 -4.35271240e-03 9.99988556e-01 1.98712910e-03 2.37126828e-02 8.44801257e-05 -1.98677998e-03 9.99998015e-01 -1.26322205e+00 0.00000000e+00 0.00000000e+00 0.00000000e+00 1.00000000e+00
9.99996568e-01 2.63880084e-03 3.26203680e-05 -5.69380869e-03 -2.63885382e-03 9.99995057e-01 1.71231118e-03 2.35979015e-02 -2.80950298e-05 -1.71239048e-03 9.99998545e-01 -1.26683606e+00 0.00000000e+00 0.00000000e+00 0.00000000e+00 1.00000000e+00
9.99998745e-01 1.58656346e-03 -1.77623484e-04 -3.61205099e-03 -1.58655674e-03 9.99998742e-01 3.75680934e-05 2.48569968e-02 1.77676090e-04 -3.72866730e-05 1.00000002e+00 -1.26725688e+00 0.00000000e+00 0.00000000e+00 0.00000000e+00 1.00000000e+00
9.99999939e-01 5.23164618e-05 -2.68837197e-04 3.88016376e-04 -5.24288125e-05 9.99999894e-01 -4.17279647e-04 2.63304334e-02 2.68809651e-04 4.17292441e-04 9.99999894e-01 -1.27379459e+00 0.00000000e+00 0.00000000e+00 0.00000000e+00 1.00000000e+00
9.99999657e-01 -3.48714942e-04 -6.92742219e-04 1.62469191e-03 3.47480568e-04 9.99998404e-01 -1.78013182e-03 2.73284131e-02 6.93364975e-04 1.77989126e-03 9.99998145e-01 -1.27536060e+00 0.00000000e+00 0.00000000e+00 0.00000000e+00 1.00000000e+00
9.99996390e-01 -2.59841405e-03 -6.93882512e-04 5.03161433e-03 2.59719065e-03 9.99995047e-01 -1.76021474e-03 2.87697125e-02 6.98460777e-04 1.75840597e-03 9.99998221e-01 -1.27415062e+00 0.00000000e+00 0.00000000e+00 0.00000000e+00 1.00000000e+00
9.99999884e-01 -7.84756343e-05 -5.81893349e-04 2.57576817e-03 7.89414442e-05 9.99999668e-01 7.99113902e-04 2.71063803e-02 5.81826603e-04 -7.99159434e-04 9.99999467e-01 -1.27273609e+00 0.00000000e+00 0.00000000e+00 0.00000000e+00 1.00000000e+00
9.99999801e-01 -3.24759806e-04 -4.30636661e-04 2.60394153e-03 3.25880659e-04 9.99996553e-01 2.60739045e-03 2.42028640e-02 4.29789038e-04 -2.60753023e-03 9.99996512e-01 -1.27109227e+00 0.00000000e+00 0.00000000e+00 0.00000000e+00 1.00000000e+00
9.99999911e-01 -1.74601200e-04 -4.36163873e-04 3.29078898e-03 1.75504252e-04 9.99997826e-01 2.06828251e-03 2.52212493e-02 4.35795584e-04 -2.06835820e-03 9.99997821e-01 -1.26992388e+00 0.00000000e+00 0.00000000e+00 0.00000000e+00 1.00000000e+00
9.99999205e-01 1.24636285e-03 -2.68149327e-04 8.86949052e-04 -1.24524813e-03 9.99990769e-01 4.12508871e-03 2.45137777e-02 2.73291867e-04 -4.12475045e-03 9.99991393e-01 -1.26718335e+00 0.00000000e+00 0.00000000e+00 0.00000000e+00 1.00000000e+00
9.99999834e-01 -1.16188521e-04 -5.26980478e-04 3.03866147e-03 1.18026773e-04 9.99993896e-01 3.48827160e-03 2.17579740e-02 5.26576548e-04 -3.48833198e-03 9.99993777e-01 -1.26608173e+00 0.00000000e+00 0.00000000e+00 0.00000000e+00 1.00000000e+00
9.99999978e-01 2.35804515e-04 -1.76986196e-04 2.44600337e-03 -2.35604965e-04 9.99999346e-01 1.12315503e-03 2.51581753e-02 1.77250839e-04 -1.12311388e-03 9.99999411e-01 -1.26561703e+00 0.00000000e+00 0.00000000e+00 0.00000000e+00 1.00000000e+00
9.99999921e-01 1.76994035e-04 9.36362268e-05 1.12612994e-03 -1.76958414e-04 9.99999916e-01 -3.85391648e-04 2.88327286e-02 -9.36983256e-05 3.85375797e-04 9.99999920e-01 -1.26400707e+00 0.00000000e+00 0.00000000e+00 0.00000000e+00 1.00000000e+00
9.99999821e-01 -6.42907481e-04 -3.17049525e-05 3.89489747e-03 6.42895880e-04 9.99999684e-01 -3.49751706e-04 2.65409174e-02 3.19225575e-05 3.49730516e-04 9.99999894e-01 -1.26881646e+00 0.00000000e+00 0.00000000e+00 0.00000000e+00 1.00000000e+00
9.99999683e-01 -8.01826811e-04 2.53713817e-04 3.26479924e-03 8.02135319e-04 9.99999006e-01 -1.21882019e-03 2.73365512e-02 -2.52735272e-04 1.21902276e-03 9.99999249e-01 -1.26367890e+00 0.00000000e+00 0.00000000e+00 0.00000000e+00 1.00000000e+00
9.99999863e-01 -4.64801659e-04 2.57424226e-04 4.96406987e-03 4.64949387e-04 9.99999696e-01 -5.67820734e-04 2.55800801e-02 -2.57162053e-04 5.67940607e-04 9.99999771e-01 -1.26518218e+00 0.00000000e+00 0.00000000e+00 0.00000000e+00 1.00000000e+00
9.99999777e-01 -2.70970969e-04 5.39463993e-04 2.75068059e-03 2.70833841e-04 9.99999976e-01 2.52981234e-04 2.48103483e-02 -5.39528127e-04 -2.52835072e-04 9.99999882e-01 -1.26377236e+00 0.00000000e+00 0.00000000e+00 0.00000000e+00 1.00000000e+00
9.99999723e-01 -3.18639936e-04 6.40471048e-04 3.11818716e-03 3.18752405e-04 9.99999919e-01 -1.73492229e-04 2.46031174e-02 -6.40424557e-04 1.73696114e-04 9.99999751e-01 -1.26108305e+00 0.00000000e+00 0.00000000e+00 0.00000000e+00 1.00000000e+00
9.99999646e-01 5.69333571e-04 6.92948913e-04 1.30798002e-03 -5.68573171e-04 9.99999226e-01 -1.09781434e-03 2.67864432e-02 -6.93567230e-04 1.09742009e-03 9.99999175e-01 -1.26454576e+00 0.00000000e+00 0.00000000e+00 0.00000000e+00 1.00000000e+00
9.99999409e-01 -8.66437817e-04 6.63106784e-04 2.85324736e-03 8.66640626e-04 9.99999577e-01 -3.09843713e-04 2.75602666e-02 -6.62841652e-04 3.10418195e-04 9.99999698e-01 -1.26167074e+00 0.00000000e+00 0.00000000e+00 0.00000000e+00 1.00000000e+00
9.99999738e-01 -2.98249087e-04 6.02695926e-04 2.17330533e-03 2.97692566e-04 9.99999518e-01 9.38533504e-04 2.63223451e-02 -6.02969215e-04 -9.38353743e-04 9.99999445e-01 -1.26059869e+00 0.00000000e+00 0.00000000e+00 0.00000000e+00 1.00000000e+00
9.99999559e-01 -4.60573446e-04 8.11843738e-04 2.71952373e-03 4.59674989e-04 9.99999273e-01 1.10035744e-03 2.40955663e-02 -8.12352559e-04 -1.09998317e-03 9.99999052e-01 -1.26235011e+00 0.00000000e+00 0.00000000e+00 0.00000000e+00 1.00000000e+00
9.99999476e-01 -8.38394121e-04 6.15159339e-04 3.65593860e-03 8.38399821e-04 9.99999646e-01 -1.37578596e-05 2.59371783e-02 -6.15150227e-04 1.42733279e-05 9.99999785e-01 -1.26438327e+00 0.00000000e+00 0.00000000e+00 0.00000000e+00 1.00000000e+00
9.99999777e-01 3.07270756e-04 6.52324490e-04 1.78452201e-03 -3.07709943e-04 9.99999680e-01 6.85230905e-04 2.68021807e-02 -6.52121763e-04 -6.85431750e-04 9.99999525e-01 -1.26189085e+00 0.00000000e+00 0.00000000e+00 0.00000000e+00 1.00000000e+00
9.99999614e-01 -2.75838273e-04 7.98964860e-04 1.98207348e-03 2.74868760e-04 9.99999314e-01 1.20484207e-03 2.51562053e-02 -7.99289839e-04 -1.20462250e-03 9.99998955e-01 -1.26274361e+00 0.00000000e+00 0.00000000e+00 0.00000000e+00 1.00000000e+00
9.99999794e-01 -1.72738378e-04 6.19702875e-04 1.55023881e-03 1.72836440e-04 9.99999957e-01 -1.57186243e-04 2.52550979e-02 -6.19680934e-04 1.57294648e-04 9.99999770e-01 -1.26254643e+00 0.00000000e+00 0.00000000e+00 0.00000000e+00 1.00000000e+00
9.99999691e-01 -3.23013961e-04 7.35245755e-04 2.09597781e-03 3.24058562e-04 9.99998857e-01 -1.42070043e-03 2.79254799e-02 -7.34784269e-04 1.42093869e-03 9.99998788e-01 -1.26524055e+00 0.00000000e+00 0.00000000e+00 0.00000000e+00 1.00000000e+00
9.99999717e-01 -6.45918371e-05 7.46331902e-04 1.76173387e-03 6.49305653e-05 9.99999903e-01 -4.63697289e-04 2.79273287e-02 -7.46301365e-04 4.63744876e-04 9.99999562e-01 -1.26363867e+00 0.00000000e+00 0.00000000e+00 0.00000000e+00 1.00000000e+00
9.99999712e-01 -3.57338465e-04 6.44258266e-04 1.96480971e-03 3.57535100e-04 9.99999880e-01 -2.99188791e-04 2.69139973e-02 -6.44140742e-04 2.99419819e-04 9.99999826e-01 -1.26634924e+00 0.00000000e+00 0.00000000e+00 0.00000000e+00 1.00000000e+00
9.99999662e-01 -4.30342075e-04 7.24976709e-04 2.12738647e-03 4.30597399e-04 9.99999935e-01 -3.56351537e-04 2.67350827e-02 -7.24830825e-04 3.56661888e-04 9.99999594e-01 -1.26396143e+00 0.00000000e+00 0.00000000e+00 0.00000000e+00 1.00000000e+00
9.99999763e-01 -2.26070058e-04 5.93767767e-04 2.12907691e-03 2.25608628e-04 9.99999581e-01 7.80872500e-04 2.66369054e-02 -5.93947202e-04 -7.80737929e-04 9.99999517e-01 -1.26440139e+00 0.00000000e+00 0.00000000e+00 0.00000000e+00 1.00000000e+00
9.99999385e-01 -1.04616828e-03 4.33083239e-04 1.81831749e-03 1.04588206e-03 9.99999242e-01 6.71108487e-04 2.56390648e-02 -4.33779596e-04 -6.70654528e-04 9.99999753e-01 -1.26112431e+00 0.00000000e+00 0.00000000e+00 0.00000000e+00 1.00000000e+00
9.99999873e-01 -1.90350259e-04 4.13815122e-04 4.03834927e-04 1.90568570e-04 9.99999837e-01 -5.11481231e-04 2.76363684e-02 -4.13721965e-04 5.11559977e-04 9.99999782e-01 -1.26779747e+00 0.00000000e+00 0.00000000e+00 0.00000000e+00 1.00000000e+00
1.00000001e+00 5.88602258e-05 3.27918219e-04 2.57505519e-04 -5.91641619e-05 9.99999665e-01 9.03489808e-04 2.74174861e-02 -3.27858824e-04 -9.03509388e-04 9.99999472e-01 -1.26313006e+00 0.00000000e+00 0.00000000e+00 0.00000000e+00 1.00000000e+00
9.99999164e-01 1.27352062e-03 5.66992791e-05 -2.14127006e-03 -1.27362522e-03 9.99997390e-01 1.89090921e-03 2.53258624e-02 -5.42922907e-05 -1.89097919e-03 9.99998215e-01 -1.26052762e+00 0.00000000e+00 0.00000000e+00 0.00000000e+00 1.00000000e+00
9.99995607e-01 2.96019648e-03 2.79965016e-04 -3.11986193e-03 -2.96011102e-03 9.99995553e-01 -3.30779017e-04 2.54529836e-02 -2.80951520e-04 3.29948440e-04 9.99999928e-01 -1.26190151e+00 0.00000000e+00 0.00000000e+00 0.00000000e+00 1.00000000e+00
9.99999842e-01 1.32327472e-04 3.24811984e-04 -1.86946348e-03 -1.31270497e-04 9.99994751e-01 -3.23564134e-03 2.80532302e-02 -3.25237626e-04 3.23559776e-03 9.99994668e-01 -1.26184683e+00 0.00000000e+00 0.00000000e+00 0.00000000e+00 1.00000000e+00
9.99999980e-01 3.39278339e-04 1.45696495e-04 -7.08295680e-04 -3.38522957e-04 9.99986626e-01 -5.15463079e-03 3.19156890e-02 -1.47433508e-04 5.15458066e-03 9.99986762e-01 -1.26472576e+00 0.00000000e+00 0.00000000e+00 0.00000000e+00 1.00000000e+00
9.99999921e-01 -3.51616713e-04 1.89674587e-04 7.94648445e-04 3.51465984e-04 9.99999688e-01 7.65246268e-04 2.79221187e-02 -1.89946377e-04 -7.65179930e-04 9.99999689e-01 -1.25699614e+00 0.00000000e+00 0.00000000e+00 0.00000000e+00 1.00000000e+00
9.99998429e-01 -1.72802856e-03 -2.82600325e-04 2.45938076e-03 1.72889548e-03 9.99993722e-01 3.07616782e-03 2.47072092e-02 2.77283629e-04 -3.07665109e-03 9.99995185e-01 -1.25010568e+00 0.00000000e+00 0.00000000e+00 0.00000000e+00 1.00000000e+00
9.99999907e-01 -3.37245138e-04 2.74747422e-04 1.27857839e-03 3.36637446e-04 9.99997512e-01 2.21631490e-03 2.49996342e-02 -2.75494621e-04 -2.21622156e-03 9.99997518e-01 -1.24964713e+00 0.00000000e+00 0.00000000e+00 0.00000000e+00 1.00000000e+00
9.99999933e-01 4.23173965e-04 1.73572638e-04 -1.03115490e-03 -4.23157454e-04 9.99999959e-01 -8.34078780e-05 2.72420788e-02 -1.73612087e-04 8.33340458e-05 1.00000004e+00 -1.24690083e+00 0.00000000e+00 0.00000000e+00 0.00000000e+00 1.00000000e+00
9.99999999e-01 -5.41816792e-06 -6.21795052e-05 -2.57807373e-04 5.32036046e-06 9.99998558e-01 -1.64610144e-03 2.81935435e-02 6.22014708e-05 1.64610135e-03 9.99998646e-01 -1.24716961e+00 0.00000000e+00 0.00000000e+00 0.00000000e+00 1.00000000e+00
1.00000002e+00 -5.50108118e-05 -1.40395516e-04 -4.02588405e-04 5.47271109e-05 9.99998066e-01 -1.99519093e-03 3.06610807e-02 1.40487632e-04 1.99518227e-03 9.99997965e-01 -1.24550300e+00 0.00000000e+00 0.00000000e+00 0.00000000e+00 1.00000000e+00
9.99999550e-01 6.15782199e-04 -6.03419504e-04 -1.51677183e-03 -6.16365237e-04 9.99999371e-01 -9.55021464e-04 3.13437317e-02 6.02839710e-04 9.55394129e-04 9.99999335e-01 -1.23912954e+00 0.00000000e+00 0.00000000e+00 0.00000000e+00 1.00000000e+00
9.99999148e-01 -4.41322403e-05 -1.33959473e-03 -1.33310077e-03 4.47555139e-05 9.99999859e-01 4.59418896e-04 3.11470005e-02 1.33958021e-03 -4.59479001e-04 9.99999036e-01 -1.23401149e+00 0.00000000e+00 0.00000000e+00 0.00000000e+00 1.00000000e+00
9.99998136e-01 1.35634159e-03 -1.39056295e-03 -2.89892636e-03 -1.35398778e-03 9.99997703e-01 1.69210294e-03 2.86262500e-02 1.39284819e-03 -1.69021695e-03 9.99997626e-01 -1.23109581e+00 0.00000000e+00 0.00000000e+00 0.00000000e+00 1.00000000e+00
9.99999142e-01 2.51223472e-05 -1.26279212e-03 -2.29218270e-03 -2.33387013e-05 9.99998963e-01 1.41812766e-03 2.99084103e-02 1.26281878e-03 -1.41809676e-03 9.99998130e-01 -1.22682423e+00 0.00000000e+00 0.00000000e+00 0.00000000e+00 1.00000000e+00
9.99998684e-01 8.84085641e-04 -1.36102176e-03 -3.62983475e-03 -8.82984277e-04 9.99999257e-01 8.08056910e-04 2.99771741e-02 1.36174966e-03 -8.06853129e-04 9.99998798e-01 -1.22079889e+00 0.00000000e+00 0.00000000e+00 0.00000000e+00 1.00000000e+00
9.99999290e-01 -1.21213079e-04 -1.23642290e-03 -2.00073999e-03 1.20131547e-04 9.99999626e-01 -8.75333366e-04 3.06484662e-02 1.23652471e-03 8.75184153e-04 9.99998867e-01 -1.21727666e+00 0.00000000e+00 0.00000000e+00 0.00000000e+00 1.00000000e+00
