9.99979538e-01 -5.00515931e-04 6.38051518e-03 4.01152832e-03 5.02512416e-04 9.99999851e-01 -3.11287538e-04 2.03232975e-03 -6.38035801e-03 3.14487375e-04 9.99979592e-01 -9.15695710e-02 0.00000000e+00 0.00000000e+00 0.00000000e+00 1.00000000e+00
9.99975115e-01 -5.60467102e-04 7.02582035e-03 4.14866765e-03 5.59713706e-04 9.99999829e-01 1.09329582e-04 2.38261338e-03 -7.02588197e-03 -1.05394469e-04 9.99975330e-01 -9.42581790e-02 0.00000000e+00 0.00000000e+00 0.00000000e+00 1.00000000e+00
9.99971666e-01 -3.38374708e-04 7.52344909e-03 5.47204967e-03 3.33669238e-04 9.99999776e-01 6.26562895e-04 2.46811338e-03 -7.52365979e-03 -6.24034596e-04 9.99971467e-01 -9.78669331e-02 0.00000000e+00 0.00000000e+00 0.00000000e+00 1.00000000e+00
9.99957861e-01 -6.80934480e-04 9.15289745e-03 7.97001743e-03 6.68103624e-04 9.99998781e-01 1.40482592e-03 -3.02749638e-04 -9.15384691e-03 -1.39865130e-03 9.99957176e-01 -1.04129260e-01 0.00000000e+00 0.00000000e+00 0.00000000e+00 1.00000000e+00
9.99935930e-01 -2.78922137e-04 1.13177374e-02 9.38031191e-03 2.58868254e-04 9.99998376e-01 1.77342129e-03 1.94442981e-04 -1.13182116e-02 -1.77037764e-03 9.99934379e-01 -1.14317256e-01 0.00000000e+00 0.00000000e+00 0.00000000e+00 1.00000000e+00
9.99908600e-01 3.23384294e-05 1.35224282e-02 1.02746522e-02 -4.53372247e-05 9.99999585e-01 9.60888482e-04 2.17533281e-04 -1.35223869e-02 -9.61414144e-04 9.99908028e-01 -1.27555011e-01 0.00000000e+00 0.00000000e+00 0.00000000e+00 1.00000000e+00
9.99870288e-01 -7.90827389e-05 1.61048185e-02 1.28321360e-02 7.87471874e-05 9.99999909e-01 2.15634049e-05 3.38532051e-04 -1.61048270e-02 -2.02915739e-05 9.99870337e-01 -1.40271121e-01 0.00000000e+00 0.00000000e+00 0.00000000e+00 1.00000000e+00
9.99825290e-01 1.22996079e-03 1.86523598e-02 1.25494425e-02 -1.23116766e-03 9.99999278e-01 5.31696139e-05 6.73424521e-04 -1.86522747e-02 -7.61252433e-05 9.99826021e-01 -1.53988527e-01 0.00000000e+00 0.00000000e+00 0.00000000e+00 1.00000000e+00
9.99797926e-01 1.34638573e-03 2.00549259e-02 1.44641940e-02 -1.34784113e-03 9.99999100e-01 5.90125254e-05 8.64038414e-04 -2.00548303e-02 -8.60318358e-05 9.99798924e-01 -1.65316971e-01 0.00000000e+00 0.00000000e+00 0.00000000e+00 1.00000000e+00
9.99751974e-01 6.69829352e-05 2.22692335e-02 1.74148658e-02 -7.17548823e-05 9.99999992e-01 2.13502407e-04 3.27566185e-03 -2.22691494e-02 -2.15046170e-04 9.99751971e-01 -1.73282782e-01 0.00000000e+00 0.00000000e+00 0.00000000e+00 1.00000000e+00
9.99696457e-01 -3.61082633e-03 2.43749279e-02 2.31701004e-02 3.58037686e-03 9.99992755e-01 1.29275695e-03 5.62892146e-03 -2.43795186e-02 -1.20509345e-03 9.99702066e-01 -1.80111644e-01 0.00000000e+00 0.00000000e+00 0.00000000e+00 1.00000000e+00
9.99657051e-01 -4.75736615e-03 2.57494270e-02 2.74858832e-02 4.70964762e-03 9.99987017e-01 1.91359037e-03 7.32918497e-03 -2.57581237e-02 -1.79166214e-03 9.99666614e-01 -1.86634899e-01 0.00000000e+00 0.00000000e+00 0.00000000e+00 1.00000000e+00
9.99619827e-01 -3.77884788e-03 2.73120199e-02 2.82445281e-02 3.75432127e-03 9.99992586e-01 9.49360361e-04 6.92832196e-03 -2.73154512e-02 -8.46461321e-04 9.99626465e-01 -1.94708520e-01 0.00000000e+00 0.00000000e+00 0.00000000e+00 1.00000000e+00
9.99544443e-01 -9.68626719e-04 3.01639861e-02 2.75544727e-02 9.47975048e-04 9.99999233e-01 6.98658716e-04 2.45979482e-03 -3.01646222e-02 -6.69744741e-04 9.99544734e-01 -2.02965630e-01 0.00000000e+00 0.00000000e+00 0.00000000e+00 1.00000000e+00
9.99492391e-01 -1.86855166e-03 3.18048950e-02 3.07373851e-02 1.87494810e-03 9.99998256e-01 -1.71226973e-04 1.45472674e-03 -3.18045958e-02 2.30771899e-04 9.99494067e-01 -2.09731459e-01 0.00000000e+00 0.00000000e+00 0.00000000e+00 1.00000000e+00
9.99445223e-01 -2.22637272e-03 3.32294609e-02 3.43482734e-02 2.24760661e-03 9.99997329e-01 -6.01293429e-04 2.49650962e-03 -3.32280623e-02 6.75646234e-04 9.99447583e-01 -2.16003803e-01 0.00000000e+00 0.00000000e+00 0.00000000e+00 1.00000000e+00
9.99367041e-01 -1.90150654e-03 3.55256250e-02 3.29957287e-02 1.91913947e-03 9.99998041e-01 -4.62473642e-04 1.87377013e-03 -3.55245483e-02 5.30355840e-04 9.99368622e-01 -2.20623627e-01 0.00000000e+00 0.00000000e+00 0.00000000e+00 1.00000000e+00
9.99360479e-01 -2.93559261e-03 3.56365724e-02 3.59029253e-02 2.92354792e-03 9.99995658e-01 3.90118324e-04 2.32921525e-03 -3.56375605e-02 -2.85683933e-04 9.99364790e-01 -2.21245547e-01 0.00000000e+00 0.00000000e+00 0.00000000e+00 1.00000000e+00
9.99342170e-01 -3.45405221e-03 3.61022814e-02 4.16121730e-02 3.44890582e-03 9.99993981e-01 2.04919252e-04 -2.77812801e-03 -3.61028725e-02 -8.02723511e-05 9.99348020e-01 -2.27801354e-01 0.00000000e+00 0.00000000e+00 0.00000000e+00 1.00000000e+00
9.99262293e-01 -1.05074339e-03 3.83893480e-02 3.81240921e-02 1.03974409e-03 9.99999483e-01 3.06559420e-04 -3.94032245e-03 -3.83896416e-02 -2.66414215e-04 9.99262875e-01 -2.31251051e-01 0.00000000e+00 0.00000000e+00 0.00000000e+00 1.00000000e+00
9.99165641e-01 3.33799287e-03 4.07041029e-02 3.27146555e-02 -3.41105068e-03 9.99992605e-01 1.72539122e-03 -3.96000017e-03 -4.06980500e-02 -1.86279512e-03 9.99169674e-01 -2.34040280e-01 0.00000000e+00 0.00000000e+00 0.00000000e+00 1.00000000e+00
9.99051763e-01 4.95275716e-03 4.32551379e-02 3.21345163e-02 -5.01062976e-03 9.99986725e-01 1.22966467e-03 -9.34096478e-04 -4.32483697e-02 -1.44523937e-03 9.99063306e-01 -2.39689199e-01 0.00000000e+00 0.00000000e+00 0.00000000e+00 1.00000000e+00
9.98911335e-01 -2.76715736e-04 4.66486613e-02 4.31251725e-02 3.70460249e-04 9.99997963e-01 -2.00106279e-03 3.08451788e-03 -4.66480728e-02 2.01616845e-03 9.98909349e-01 -2.47563441e-01 0.00000000e+00 0.00000000e+00 0.00000000e+00 1.00000000e+00
9.98715909e-01 -5.81862216e-03 5.03257602e-02 5.60408334e-02 5.99520524e-03 9.99976322e-01 -3.35840376e-03 6.43081399e-03 -5.03051283e-02 3.65580260e-03 9.98727237e-01 -2.57137457e-01 0.00000000e+00 0.00000000e+00 0.00000000e+00 1.00000000e+00
9.98615264e-01 -3.47644122e-03 5.24929469e-02 5.43230515e-02 3.50972548e-03 9.99993784e-01 -5.41965169e-04 5.48120118e-03 -5.24906176e-02 7.25454199e-04 9.98621162e-01 -2.62096335e-01 0.00000000e+00 0.00000000e+00 0.00000000e+00 1.00000000e+00
9.98505950e-01 -8.95365528e-04 5.46351105e-02 4.94399218e-02 8.55197483e-04 9.99999350e-01 7.58516879e-04 5.41509115e-03 -5.46358158e-02 -7.10659205e-04 9.98506116e-01 -2.70085727e-01 0.00000000e+00 0.00000000e+00 0.00000000e+00 1.00000000e+00
9.98377342e-01 5.31170149e-03 5.66958680e-02 4.05052210e-02 -5.32790242e-03 9.99985759e-01 1.34695630e-04 2.75233256e-03 -5.66943420e-02 -4.36545415e-04 9.98391486e-01 -2.79141797e-01 0.00000000e+00 0.00000000e+00 0.00000000e+00 1.00000000e+00
9.98313954e-01 4.48999534e-03 5.78716940e-02 4.35138338e-02 -4.51838023e-03 9.99989750e-01 3.59459231e-04 3.01649524e-03 -5.78695228e-02 -6.20343079e-04 9.98323954e-01 -2.90685220e-01 0.00000000e+00 0.00000000e+00 0.00000000e+00 1.00000000e+00
9.98346961e-01 2.06193243e-03 5.74390627e-02 4.70620680e-02 -1.98685076e-03 9.99997061e-01 -1.36413844e-03 4.04944971e-03 -5.74416556e-02 1.24776277e-03 9.98348101e-01 -3.00149386e-01 0.00000000e+00 0.00000000e+00 0.00000000e+00 1.00000000e+00
9.98253529e-01 1.33355597e-03 5.90596996e-02 4.92035899e-02 -1.20693714e-03 9.99996874e-01 -2.17950952e-03 3.69510136e-03 -5.90623822e-02 2.10441721e-03 9.98252050e-01 -3.13516110e-01 0.00000000e+00 0.00000000e+00 0.00000000e+00 1.00000000e+00
9.98177661e-01 8.10503793e-04 6.03370245e-02 4.95686210e-02 -7.36795049e-04 9.99998956e-01 -1.24387479e-03 3.26328008e-03 -6.03379610e-02 1.19715082e-03 9.98177293e-01 -3.22882841e-01 0.00000000e+00 0.00000000e+00 0.00000000e+00 1.00000000e+00
9.98190052e-01 -2.85387167e-04 6.01387467e-02 5.08255921e-02 3.96181593e-04 9.99998286e-01 -1.83049979e-03 3.19324249e-03 -6.01381535e-02 1.85101281e-03 9.98188343e-01 -3.33401708e-01 0.00000000e+00 0.00000000e+00 0.00000000e+00 1.00000000e+00
9.98192321e-01 -6.33405677e-05 6.01005009e-02 5.10932278e-02 2.03481701e-04 9.99997225e-01 -2.32553442e-03 1.98007008e-03 -6.01002473e-02 2.33355233e-03 9.98189673e-01 -3.49853915e-01 0.00000000e+00 0.00000000e+00 0.00000000e+00 1.00000000e+00
9.98212011e-01 -1.04462941e-03 5.97633189e-02 5.09405242e-02 1.14851311e-03 9.99997884e-01 -1.70400248e-03 3.86084023e-03 -5.97613577e-02 1.76959887e-03 9.98211027e-01 -3.62585843e-01 0.00000000e+00 0.00000000e+00 0.00000000e+00 1.00000000e+00
9.98300503e-01 9.91796682e-04 5.82670137e-02 4.66705298e-02 -7.80382807e-04 9.99993036e-01 -3.65096308e-03 7.47612250e-03 -5.82702349e-02 3.59928811e-03 9.98294445e-01 -3.80035798e-01 0.00000000e+00 0.00000000e+00 0.00000000e+00 1.00000000e+00
9.98428822e-01 2.47460554e-03 5.59812568e-02 3.80004283e-02 -2.30446326e-03 9.99992568e-01 -3.10361710e-03 1.02106539e-02 -5.59885224e-02 2.96973213e-03 9.98426990e-01 -3.90666535e-01 0.00000000e+00 0.00000000e+00 0.00000000e+00 1.00000000e+00
9.98622564e-01 1.35144965e-03 5.24506936e-02 3.75382443e-02 -1.31736315e-03 9.99998927e-01 -6.84465535e-04 9.33431125e-03 -5.24515832e-02 6.14432966e-04 9.98623219e-01 -4.02251761e-01 0.00000000e+00 0.00000000e+00 0.00000000e+00 1.00000000e+00
9.98826774e-01 -3.37551801e-03 4.83074738e-02 4.16882677e-02 3.39729586e-03 9.99994141e-01 -3.68690660e-04 7.18025572e-03 -4.83059379e-02 5.32371026e-04 9.98832432e-01 -4.19118670e-01 0.00000000e+00 0.00000000e+00 0.00000000e+00 1.00000000e+00
9.99057200e-01 -3.60363225e-03 4.32645350e-02 3.83033569e-02 3.59728715e-03 9.99993452e-01 2.24553170e-04 4.52462229e-03 -4.32650478e-02 -6.87106322e-05 9.99063704e-01 -4.35365570e-01 0.00000000e+00 0.00000000e+00 0.00000000e+00 1.00000000e+00
9.99261510e-01 -2.52885037e-03 3.83401863e-02 3.24457302e-02 2.46666953e-03 9.99995640e-01 1.66903129e-03 2.71274318e-03 -3.83442770e-02 -1.57322358e-03 9.99263290e-01 -4.49091711e-01 0.00000000e+00 0.00000000e+00 0.00000000e+00 1.00000000e+00
9.99395091e-01 -2.58514271e-04 3.47768953e-02 2.68673584e-02 1.67438250e-04 9.99996548e-01 2.62173539e-03 3.90947672e-03 -3.47774550e-02 -2.61432582e-03 9.99391665e-01 -4.63840994e-01 0.00000000e+00 0.00000000e+00 0.00000000e+00 1.00000000e+00
9.99494924e-01 -1.45379612e-04 3.17778634e-02 2.01551826e-02 6.10187058e-05 9.99996412e-01 2.65567319e-03 6.31618368e-03 -3.17781422e-02 -2.65238753e-03 9.99491404e-01 -4.77046718e-01 0.00000000e+00 0.00000000e+00 0.00000000e+00 1.00000000e+00
9.99637199e-01 -1.34396637e-03 2.69013909e-02 2.10171651e-02 1.29737635e-03 9.99997650e-01 1.74927190e-03 5.26113345e-03 -2.69036828e-02 -1.71374411e-03 9.99636644e-01 -4.95068763e-01 0.00000000e+00 0.00000000e+00 0.00000000e+00 1.00000000e+00
9.99773345e-01 -1.04208812e-03 2.12651137e-02 1.70396495e-02 9.92334166e-04 9.99996728e-01 2.35012503e-03 2.19519004e-03 -2.12674902e-02 -2.32848910e-03 9.99771031e-01 -5.10010010e-01 0.00000000e+00 0.00000000e+00 0.00000000e+00 1.00000000e+00
9.99864735e-01 -4.23899515e-05 1.64468015e-02 1.13205220e-02 1.95081579e-05 9.99999040e-01 1.39144077e-03 -7.42967523e-05 -1.64468488e-02 -1.39093274e-03 9.99863799e-01 -5.29460845e-01 0.00000000e+00 0.00000000e+00 0.00000000e+00 1.00000000e+00
9.99910724e-01 8.34121202e-04 1.33331332e-02 8.77608036e-03 -8.29132900e-04 9.99999597e-01 -3.79731969e-04 3.48434885e-03 -1.33334468e-02 3.68644459e-04 9.99911006e-01 -5.45181735e-01 0.00000000e+00 0.00000000e+00 0.00000000e+00 1.00000000e+00
9.99950708e-01 -1.26718985e-03 9.85447732e-03 7.63269915e-03 1.28470908e-03 9.99997572e-01 -1.77147820e-03 9.21285867e-03 -9.85220612e-03 1.78405477e-03 9.99949894e-01 -5.59112226e-01 0.00000000e+00 0.00000000e+00 0.00000000e+00 1.00000000e+00
9.99974277e-01 -2.33979913e-03 6.78172883e-03 8.65461100e-03 2.35197032e-03 9.99995634e-01 -1.78749778e-03 1.18855664e-02 -6.77751968e-03 1.80340732e-03 9.99975391e-01 -5.76992268e-01 0.00000000e+00 0.00000000e+00 0.00000000e+00 1.00000000e+00
9.99989477e-01 -1.48737494e-04 4.57385566e-03 2.50227982e-03 1.52751026e-04 9.99999594e-01 -8.76635812e-04 6.92620738e-03 -4.57375977e-03 8.77315465e-04 9.99989249e-01 -5.90013321e-01 0.00000000e+00 0.00000000e+00 0.00000000e+00 1.00000000e+00
9.99995547e-01 2.42273606e-03 1.76294566e-03 -1.80017292e-03 -2.42277775e-03 9.99997116e-01 2.12178666e-05 3.88887571e-03 -1.76289744e-03 -2.54866476e-05 9.99998387e-01 -6.07899875e-01 0.00000000e+00 0.00000000e+00 0.00000000e+00 1.00000000e+00
9.99997319e-01 2.21635928e-03 -6.17196330e-04 -1.02941999e-03 -2.21744837e-03 9.99995952e-01 -1.76701622e-03 6.65450235e-03 6.13341875e-04 1.76837598e-03 9.99998245e-01 -6.23413373e-01 0.00000000e+00 0.00000000e+00 0.00000000e+00 1.00000000e+00
9.99998648e-01 -6.33838705e-04 -1.49648888e-03 1.36980314e-03 6.29527760e-04 9.99995671e-01 -2.87917555e-03 1.35586654e-02 1.49827476e-03 2.87822664e-03 9.99994720e-01 -6.39200915e-01 0.00000000e+00 0.00000000e+00 0.00000000e+00 1.00000000e+00
9.99995306e-01 -2.38589668e-03 -1.93795599e-03 3.34662660e-03 2.38468021e-03 9.99997011e-01 -6.28489141e-04 1.30192416e-02 1.93947133e-03 6.23874145e-04 9.99997931e-01 -6.54991419e-01 0.00000000e+00 0.00000000e+00 0.00000000e+00 1.00000000e+00
9.99997137e-01 -1.68182965e-03 -1.70289653e-03 4.86383087e-03 1.68641685e-03 9.99994943e-01 2.69127051e-03 8.09347348e-03 1.69835403e-03 -2.69413078e-03 9.99994958e-01 -6.65484869e-01 0.00000000e+00 0.00000000e+00 0.00000000e+00 1.00000000e+00
9.99999221e-01 -3.52560182e-04 -1.24742037e-03 1.44701269e-03 3.52794126e-04 9.99999916e-01 1.90328753e-04 4.79611747e-03 1.24735947e-03 -1.90774453e-04 9.99999179e-01 -6.83793586e-01 0.00000000e+00 0.00000000e+00 0.00000000e+00 1.00000000e+00
9.99998648e-01 5.23221158e-04 -1.54083719e-03 2.42093132e-04 -5.26709968e-04 9.99997274e-01 -2.26172514e-03 5.17783451e-03 1.53964454e-03 2.26253064e-03 9.99996237e-01 -7.00633342e-01 0.00000000e+00 0.00000000e+00 0.00000000e+00 1.00000000e+00
9.99997850e-01 -8.56427026e-04 -1.87504777e-03 1.95279794e-03 8.49790913e-04 9.99993355e-01 -3.53854958e-03 1.06009873e-02 1.87807412e-03 3.53695390e-03 9.99992039e-01 -7.17167325e-01 0.00000000e+00 0.00000000e+00 0.00000000e+00 1.00000000e+00
9.99997735e-01 -1.04912255e-03 -1.85739414e-03 1.35015379e-03 1.04301757e-03 9.99994077e-01 -3.28565063e-03 1.47519248e-02 1.86082637e-03 3.28369689e-03 9.99992890e-01 -7.31591505e-01 0.00000000e+00 0.00000000e+00 0.00000000e+00 1.00000000e+00
9.99997667e-01 -1.12757354e-03 -1.85448618e-03 1.02872823e-03 1.12955087e-03 9.99998792e-01 1.06125747e-03 9.16288878e-03 1.85328290e-03 -1.06334423e-03 9.99997671e-01 -7.41847023e-01 0.00000000e+00 0.00000000e+00 0.00000000e+00 1.00000000e+00
9.99995642e-01 -2.19053191e-03 -1.94984285e-03 2.25577246e-03 2.19582274e-03 9.99993903e-01 2.71824487e-03 5.06535865e-03 1.94388348e-03 -2.72251836e-03 9.99994396e-01 -7.55809605e-01 0.00000000e+00 0.00000000e+00 0.00000000e+00 1.00000000e+00
9.99997887e-01 -1.30075087e-03 -1.61901185e-03 2.04617980e-03 1.30204562e-03 9.99998881e-01 7.97946360e-04 6.35147963e-03 1.61796508e-03 -8.00054359e-04 9.99998407e-01 -7.67293317e-01 0.00000000e+00 0.00000000e+00 0.00000000e+00 1.00000000e+00
9.99995079e-01 2.69291035e-03 -1.60611171e-03 -5.09573795e-03 -2.69632099e-03 9.99994051e-01 -2.12335304e-03 8.32226592e-03 1.60038905e-03 2.12767795e-03 9.99996474e-01 -7.87346607e-01 0.00000000e+00 0.00000000e+00 0.00000000e+00 1.00000000e+00
9.99996402e-01 2.42277759e-03 -1.11654142e-03 -4.25482599e-03 -2.42499742e-03 9.99995062e-01 -1.98920887e-03 1.25103806e-02 1.11172375e-03 1.99190912e-03 9.99997397e-01 -7.93869302e-01 0.00000000e+00 0.00000000e+00 0.00000000e+00 1.00000000e+00
9.99998802e-01 8.16989723e-04 -1.33347843e-03 -1.32825665e-03 -8.20015897e-04 9.99997157e-01 -2.27090244e-03 1.41529124e-02 1.33161568e-03 2.27200196e-03 9.99996527e-01 -8.02367806e-01 0.00000000e+00 0.00000000e+00 0.00000000e+00 1.00000000e+00
9.99999740e-01 -4.40915473e-05 -7.11900821e-04 -1.21874248e-04 4.70400882e-05 9.99991359e-01 4.13757414e-03 1.36555454e-02 7.11707185e-04 -4.13761433e-03 9.99991115e-01 -8.02623099e-01 0.00000000e+00 0.00000000e+00 0.00000000e+00 1.00000000e+00
9.99999021e-01 1.33638769e-03 -4.60197660e-04 -3.07675640e-03 -1.33287289e-03 9.99970582e-01 7.55879326e-03 1.05070531e-02 4.70287575e-04 -7.55816480e-03 9.99971407e-01 -8.07760748e-01 0.00000000e+00 0.00000000e+00 0.00000000e+00 1.00000000e+00
9.99993963e-01 3.47736319e-03 3.70124128e-05 -6.36136895e-03 -3.47750645e-03 9.99981608e-01 4.96775295e-03 4.37235644e-03 -1.97459925e-05 -4.96786101e-03 9.99987586e-01 -8.22257739e-01 0.00000000e+00 0.00000000e+00 0.00000000e+00 1.00000000e+00
9.99998669e-01 1.53434901e-03 5.27958027e-04 -4.51826884e-03 -1.53467329e-03 9.99998614e-01 6.13994376e-04 6.89830708e-03 -5.27010866e-04 -6.14799952e-04 9.99999670e-01 -8.31826632e-01 0.00000000e+00 0.00000000e+00 0.00000000e+00 1.00000000e+00
9.99999463e-01 -1.00055432e-03 -2.11570836e-04 1.32083733e-03 9.98683907e-04 9.99961939e-01 -8.66594456e-03 1.65541199e-02 2.20241574e-04 8.66572161e-03 9.99962487e-01 -8.45280365e-01 0.00000000e+00 0.00000000e+00 0.00000000e+00 1.00000000e+00
9.99999309e-01 -1.16228794e-03 3.04015590e-04 2.61292518e-03 1.16437065e-03 9.99975254e-01 -6.94386721e-03 1.91148074e-02 -2.95942713e-04 6.94422287e-03 9.99975791e-01 -8.49104854e-01 0.00000000e+00 0.00000000e+00 0.00000000e+00 1.00000000e+00
9.99997985e-01 -1.96488890e-03 2.60036659e-04 6.06115915e-03 1.96641783e-03 9.99980012e-01 -6.00716468e-03 2.05734238e-02 -2.48222670e-04 6.00765571e-03 9.99981977e-01 -8.48566316e-01 0.00000000e+00 0.00000000e+00 0.00000000e+00 1.00000000e+00
9.99998390e-01 -1.80730259e-03 3.11330603e-04 7.22571042e-03 1.80758915e-03 9.99997992e-01 -9.28350273e-04 2.22111714e-02 -3.09666235e-04 9.28919278e-04 9.99999494e-01 -8.48059318e-01 0.00000000e+00 0.00000000e+00 0.00000000e+00 1.00000000e+00
9.99999812e-01 -3.21580544e-04 3.91515131e-04 5.12481664e-03 3.20279012e-04 9.99994458e-01 3.31118412e-03 1.81105159e-02 -3.92568783e-04 -3.31105786e-03 9.99994466e-01 -8.42856783e-01 0.00000000e+00 0.00000000e+00 0.00000000e+00 1.00000000e+00
9.99999873e-01 1.63051518e-04 4.57863345e-04 2.95677613e-03 -1.64561432e-04 9.99994484e-01 3.30810474e-03 1.31351497e-02 -4.57318570e-04 -3.30817968e-03 9.99994410e-01 -8.40278548e-01 0.00000000e+00 0.00000000e+00 0.00000000e+00 1.00000000e+00
9.99998804e-01 -1.54304603e-03 -7.13192320e-05 4.25300552e-03 1.54294893e-03 9.99997948e-01 -1.29865796e-03 1.43632584e-02 7.33236760e-05 1.29854341e-03 9.99999174e-01 -8.44969387e-01 0.00000000e+00 0.00000000e+00 0.00000000e+00 1.00000000e+00
9.99999418e-01 -1.08148356e-03 -2.34935850e-04 3.75189528e-03 1.08082119e-03 9.99995427e-01 -2.82745190e-03 2.09953607e-02 2.37980132e-04 2.82719582e-03 9.99995909e-01 -8.41615694e-01 0.00000000e+00 0.00000000e+00 0.00000000e+00 1.00000000e+00
9.99999639e-01 -8.85490753e-04 -1.80650863e-05 5.59379279e-03 8.85512721e-04 9.99999023e-01 1.05517951e-03 1.96541982e-02 1.71418394e-05 -1.05519325e-03 9.99999467e-01 -8.44008715e-01 0.00000000e+00 0.00000000e+00 0.00000000e+00 1.00000000e+00
9.99999591e-01 -7.19548708e-04 -4.36452979e-04 3.93162412e-03 7.21768198e-04 9.99986630e-01 5.12036589e-03 1.43202130e-02 4.32759418e-04 -5.12068439e-03 9.99986784e-01 -8.34266419e-01 0.00000000e+00 0.00000000e+00 0.00000000e+00 1.00000000e+00
9.99999239e-01 -1.21075914e-03 -4.05416038e-04 2.54419832e-03 1.21258849e-03 9.99989098e-01 4.52765127e-03 1.26682661e-02 3.99927076e-04 -4.52812765e-03 9.99989687e-01 -8.36814826e-01 0.00000000e+00 0.00000000e+00 0.00000000e+00 1.00000000e+00
9.99999849e-01 -1.41207702e-05 -4.39489400e-04 1.49347613e-03 1.38840159e-05 9.99999785e-01 -5.25828693e-04 1.62853595e-02 4.39513259e-04 5.25817185e-04 9.99999820e-01 -8.39170009e-01 0.00000000e+00 0.00000000e+00 0.00000000e+00 1.00000000e+00
9.99999329e-01 9.66446322e-04 -7.39095690e-04 -2.21719781e-04 -9.68486432e-04 9.99995685e-01 -2.77263481e-03 2.20333803e-02 7.36393440e-04 2.77334831e-03 9.99995836e-01 -8.39524154e-01 0.00000000e+00 0.00000000e+00 0.00000000e+00 1.00000000e+00
9.99999707e-01 5.36054702e-04 -4.48022120e-04 5.53599080e-04 -5.38067206e-04 9.99989838e-01 -4.48889905e-03 2.10420081e-02 4.45622644e-04 4.48913354e-03 9.99989864e-01 -8.42887084e-01 0.00000000e+00 0.00000000e+00 0.00000000e+00 1.00000000e+00
9.99999515e-01 8.26545710e-04 -6.02834294e-04 1.09485354e-03 -8.29821554e-04 9.99984784e-01 -5.45377730e-03 2.14138630e-02 5.98312932e-04 5.45428218e-03 9.99984939e-01 -8.43661992e-01 0.00000000e+00 0.00000000e+00 0.00000000e+00 1.00000000e+00
9.99999906e-01 -1.10023673e-04 1.52695043e-04 1.54241632e-03 1.10625390e-04 9.99992130e-01 -3.95159808e-03 2.38112256e-02 -1.52247379e-04 3.95161214e-03 9.99992195e-01 -8.37043944e-01 0.00000000e+00 0.00000000e+00 0.00000000e+00 1.00000000e+00
9.99999952e-01 3.32311806e-04 -2.62551636e-04 4.13889843e-04 -3.32156225e-04 9.99999797e-01 6.20173364e-04 2.17941839e-02 2.62751389e-04 -6.20082290e-04 9.99999702e-01 -8.35083204e-01 0.00000000e+00 0.00000000e+00 0.00000000e+00 1.00000000e+00
9.99999947e-01 1.24597123e-04 -1.71912855e-04 1.63900393e-03 -1.23979500e-04 9.99993784e-01 3.53322959e-03 1.60004991e-02 1.72350167e-04 -3.53321658e-03 9.99993786e-01 -8.32907078e-01 0.00000000e+00 0.00000000e+00 0.00000000e+00 1.00000000e+00
9.99999716e-01 -7.11429365e-04 -4.13602708e-04 3.37718653e-03 7.13338965e-04 9.99988973e-01 4.62593475e-03 1.63366323e-02 4.10299893e-04 -4.62622100e-03 9.99989176e-01 -8.29553188e-01 0.00000000e+00 0.00000000e+00 0.00000000e+00 1.00000000e+00
9.99992054e-01 -3.94435625e-03 -5.05431319e-04 8.12486642e-03 3.94558266e-03 9.99989268e-01 2.45493077e-03 1.52307806e-02 4.95745387e-04 -2.45690367e-03 9.99996856e-01 -8.30012228e-01 0.00000000e+00 0.00000000e+00 0.00000000e+00 1.00000000e+00
9.99994490e-01 -3.30414932e-03 3.80918997e-04 7.59567361e-03 3.30340944e-03 9.99992650e-01 1.92741918e-03 1.33134628e-02 -3.87279875e-04 -1.92614526e-03 9.99998049e-01 -8.29470010e-01 0.00000000e+00 0.00000000e+00 0.00000000e+00 1.00000000e+00
9.99999000e-01 1.26960547e-03 6.87651897e-04 8.10584535e-04 -1.27073097e-03 9.99997896e-01 1.63449796e-03 1.72185926e-02 -6.85588671e-04 -1.63537176e-03 9.99998491e-01 -8.26342285e-01 0.00000000e+00 0.00000000e+00 0.00000000e+00 1.00000000e+00
9.99992177e-01 3.70458379e-03 1.35795928e-03 -3.97399826e-03 -3.70954925e-03 9.99986348e-01 3.67484592e-03 1.42188586e-02 -1.34431432e-03 -3.67986495e-03 9.99992354e-01 -8.25975834e-01 0.00000000e+00 0.00000000e+00 0.00000000e+00 1.00000000e+00
9.99990876e-01 4.18342650e-03 8.15503229e-04 -2.96428217e-03 -4.18543552e-03 9.99988189e-01 2.48116588e-03 1.10944994e-02 -8.05111866e-04 -2.48455180e-03 9.99996526e-01 -8.24903780e-01 0.00000000e+00 0.00000000e+00 0.00000000e+00 1.00000000e+00
9.99998279e-01 8.57757558e-04 1.65828338e-03 -2.63118394e-04 -8.52463715e-04 9.99994533e-01 -3.19379768e-03 1.60237004e-02 -1.66101999e-03 3.19238655e-03 9.99993497e-01 -8.24885605e-01 0.00000000e+00 0.00000000e+00 0.00000000e+00 1.00000000e+00
9.99996729e-01 1.79652392e-03 1.81862700e-03 -1.14051569e-03 -1.78448914e-03 9.99976633e-01 -6.59912108e-03 2.18289168e-02 -1.83043455e-03 6.59584770e-03 9.99976661e-01 -8.26755762e-01 0.00000000e+00 0.00000000e+00 0.00000000e+00 1.00000000e+00
9.99996296e-01 2.02590386e-03 1.84639317e-03 -2.40266884e-03 -2.01872513e-03 9.99990430e-01 -3.87992342e-03 2.33853538e-02 -1.85424609e-03 3.87617922e-03 9.99990695e-01 -8.18511423e-01 0.00000000e+00 0.00000000e+00 0.00000000e+00 1.00000000e+00
9.99997962e-01 9.04886436e-04 1.76904574e-03 -1.72428676e-03 -9.07067592e-04 9.99998831e-01 1.23183373e-03 2.13965332e-02 -1.76791544e-03 -1.23343675e-03 9.99997713e-01 -8.12652405e-01 0.00000000e+00 0.00000000e+00 0.00000000e+00 1.00000000e+00
9.99991950e-01 -3.92063118e-03 8.83710748e-04 7.48998997e-03 3.91802373e-03 9.99988001e-01 2.93247591e-03 2.01778887e-02 -8.95213944e-04 -2.92898860e-03 9.99995260e-01 -8.06112303e-01 0.00000000e+00 0.00000000e+00 0.00000000e+00 1.00000000e+00
9.99990547e-01 -4.18991947e-03 1.14296089e-03 8.70815164e-03 4.18555578e-03 9.99983974e-01 3.79598603e-03 1.61238215e-02 -1.15883266e-03 -3.79117597e-03 9.99992218e-01 -8.01002917e-01 0.00000000e+00 0.00000000e+00 0.00000000e+00 1.00000000e+00
9.99989975e-01 -4.37894785e-03 1.00606210e-03 1.06629114e-02 4.37763738e-03 9.99989581e-01 1.30294784e-03 1.30747123e-02 -1.01176906e-03 -1.29851981e-03 9.99998587e-01 -8.00553935e-01 0.00000000e+00 0.00000000e+00 0.00000000e+00 1.00000000e+00
9.99996889e-01 -2.28621469e-03 9.19432272e-04 7.51075279e-03 2.28762402e-03 9.99996264e-01 -1.52754685e-03 1.85344224e-02 -9.15925878e-04 1.52964760e-03 9.99998448e-01 -7.98030599e-01 0.00000000e+00 0.00000000e+00 0.00000000e+00 1.00000000e+00
9.99999518e-01 4.30896558e-04 9.68711540e-04 2.25544263e-03 -4.29364436e-04 9.99998647e-01 -1.58103213e-03 1.91435370e-02 -9.69402120e-04 1.58061241e-03 9.99998245e-01 -7.96690937e-01 0.00000000e+00 0.00000000e+00 0.00000000e+00 1.00000000e+00
9.99997921e-01 -1.82779918e-03 8.70487216e-04 4.57822572e-03 1.82754432e-03 9.99998250e-01 2.93964428e-04 1.83683813e-02 -8.71014283e-04 -2.92374103e-04 9.99999642e-01 -7.89891566e-01 0.00000000e+00 0.00000000e+00 0.00000000e+00 1.00000000e+00
9.99999220e-01 -1.09336673e-03 5.50679708e-04 3.60893625e-03 1.09331900e-03 9.99999425e-01 7.16432228e-05 2.08028838e-02 -5.50757101e-04 -7.10336924e-05 9.99999834e-01 -7.85721045e-01 0.00000000e+00 0.00000000e+00 0.00000000e+00 1.00000000e+00
9.99998802e-01 1.43241790e-03 5.82904371e-04 -6.38154615e-04 -1.43155108e-03 9.99997902e-01 -1.47858359e-03 1.86498349e-02 -5.85026268e-04 1.47774236e-03 9.99998688e-01 -7.82414266e-01 0.00000000e+00 0.00000000e+00 0.00000000e+00 1.00000000e+00
9.99999218e-01 1.20986760e-03 3.52866118e-04 -8.74400164e-04 -1.20898135e-03 9.99996173e-01 -2.49736945e-03 2.15498153e-02 -3.55883654e-04 2.49694315e-03 9.99996834e-01 -7.78329194e-01 0.00000000e+00 0.00000000e+00 0.00000000e+00 1.00000000e+00
9.99999860e-01 -5.68995691e-04 -1.88812679e-05 3.56788285e-03 5.68902937e-04 9.99989648e-01 -4.50585803e-03 2.22481532e-02 2.14421488e-05 4.50584749e-03 9.99989904e-01 -7.76370363e-01 0.00000000e+00 0.00000000e+00 0.00000000e+00 1.00000000e+00
9.99999848e-01 3.84080964e-05 4.77827813e-04 2.06521668e-03 -3.72223786e-05 9.99996903e-01 -2.48809462e-03 2.24106727e-02 -4.77917209e-04 2.48806266e-03 9.99996741e-01 -7.67433109e-01 0.00000000e+00 0.00000000e+00 0.00000000e+00 1.00000000e+00
9.99999697e-01 4.06387861e-04 7.42322425e-04 -2.92223040e-04 -4.06525983e-04 9.99999903e-01 1.91833288e-04 2.05637877e-02 -7.42258764e-04 -1.92119967e-04 9.99999672e-01 -7.59221896e-01 0.00000000e+00 0.00000000e+00 0.00000000e+00 1.00000000e+00
9.99999601e-01 6.48116164e-04 4.73851093e-04 -2.56577057e-04 -6.48993556e-04 9.99998103e-01 1.85323476e-03 2.09295566e-02 -4.72631673e-04 -1.85355076e-03 9.99998163e-01 -7.50580229e-01 0.00000000e+00 0.00000000e+00 0.00000000e+00 1.00000000e+00
1.00000003e+00 2.38533650e-04 9.25676983e-05 2.02165370e-03 -2.38863960e-04 9.99993531e-01 3.57089141e-03 2.01794957e-02 -9.17155397e-05 -3.57091458e-03 9.99993665e-01 -7.36333896e-01 0.00000000e+00 0.00000000e+00 0.00000000e+00 1.00000000e+00
9.99999933e-01 -2.18218744e-04 -4.58029487e-05 2.24870394e-03 2.18341228e-04 9.99996479e-01 2.64127169e-03 1.88681652e-02 4.52299039e-05 -2.64128207e-03 9.99996507e-01 -7.29714081e-01 0.00000000e+00 0.00000000e+00 0.00000000e+00 1.00000000e+00
9.99999085e-01 -4.85710764e-04 -1.26804030e-03 1.63293188e-03 4.88835210e-04 9.99996887e-01 2.46780447e-03 1.82575974e-02 1.26683427e-03 -2.46840995e-03 9.99996172e-01 -7.12193473e-01 0.00000000e+00 0.00000000e+00 0.00000000e+00 1.00000000e+00
9.99995189e-01 -2.00045279e-03 -2.36805258e-03 2.34940287e-03 2.00190202e-03 9.99997772e-01 6.08625160e-04 1.91751376e-02 2.36682931e-03 -6.13371082e-04 9.99996995e-01 -6.97943796e-01 0.00000000e+00 0.00000000e+00 0.00000000e+00 1.00000000e+00
9.99992190e-01 -8.63999896e-04 -3.85979687e-03 2.29928962e-04 8.59371340e-04 9.99998985e-01 -1.19871194e-03 2.08297007e-02 3.86082544e-03 1.19538753e-03 9.99991852e-01 -6.82410072e-01 0.00000000e+00 0.00000000e+00 0.00000000e+00 1.00000000e+00
9.99982321e-01 1.08186042e-03 -5.85594039e-03 -3.63147556e-03 -1.08810100e-03 9.99998786e-01 -1.06256954e-03 2.02787101e-02 5.85477510e-03 1.06891754e-03 9.99982284e-01 -6.67086892e-01 0.00000000e+00 0.00000000e+00 0.00000000e+00 1.00000000e+00
9.99974272e-01 1.07352570e-03 -7.08702811e-03 -4.01273201e-03 -1.08532391e-03 9.99998024e-01 -1.66196052e-03 2.12138448e-02 7.08524490e-03 1.66960915e-03 9.99973484e-01 -6.51270295e-01 0.00000000e+00 0.00000000e+00 0.00000000e+00 1.00000000e+00
9.99962178e-01 -6.87924364e-04 -8.66425556e-03 -1.77128644e-03 6.75237087e-04 9.99998741e-01 -1.46690500e-03 2.11347877e-02 8.66524938e-03 1.46100680e-03 9.99961430e-01 -6.36067273e-01 0.00000000e+00 0.00000000e+00 0.00000000e+00 1.00000000e+00
9.99926076e-01 -1.78750669e-03 -1.20325793e-02 -1.09344174e-03 1.76543425e-03 9.99996709e-01 -1.84462932e-03 2.00370335e-02 1.20358429e-02 1.82324410e-03 9.99925888e-01 -6.20089160e-01 0.00000000e+00 0.00000000e+00 0.00000000e+00 1.00000000e+00
9.99890780e-01 -2.47549610e-03 -1.45704686e-02 -2.30639196e-03 2.45013033e-03 9.99995429e-01 -1.75887058e-03 1.79556414e-02 1.45747481e-02 1.72298057e-03 9.99892247e-01 -6.01678653e-01 0.00000000e+00 0.00000000e+00 0.00000000e+00 1.00000000e+00
9.99828884e-01 -9.12268463e-04 -1.84761263e-02 -6.75800466e-03 8.86775673e-04 9.99998702e-01 -1.38816703e-03 1.72157721e-02 1.84773737e-02 1.37154248e-03 9.99828406e-01 -5.84082135e-01 0.00000000e+00 0.00000000e+00 0.00000000e+00 1.00000000e+00
9.99761955e-01 -2.72384884e-04 -2.18133987e-02 -1.02487808e-02 2.54874283e-04 9.99999602e-01 -8.05514892e-04 1.75240911e-02 2.18136090e-02 7.99764793e-04 9.99761657e-01 -5.61150254e-01 0.00000000e+00 0.00000000e+00 0.00000000e+00 1.00000000e+00
9.99677305e-01 1.29716541e-03 -2.53723691e-02 -1.70114545e-02 -1.31649886e-03 9.99998876e-01 -7.45282148e-04 1.79397898e-02 2.53713743e-02 7.78440404e-04 9.99677852e-01 -5.39970709e-01 0.00000000e+00 0.00000000e+00 0.00000000e+00 1.00000000e+00
9.99584318e-01 2.86295665e-03 -2.86880513e-02 -2.46280050e-02 -2.84829938e-03 9.99995752e-01 5.52221455e-04 1.68665857e-02 2.86895178e-02 -4.70277253e-04 9.99588203e-01 -5.15510635e-01 0.00000000e+00 0.00000000e+00 0.00000000e+00 1.00000000e+00
9.99428930e-01 2.45440279e-03 -3.37017061e-02 -2.85970401e-02 -2.46312361e-03 9.99997001e-01 -2.17411998e-04 1.75224717e-02 3.37010646e-02 3.00300003e-04 9.99431998e-01 -4.95582801e-01 0.00000000e+00 0.00000000e+00 0.00000000e+00 1.00000000e+00
9.99292921e-01 2.20836270e-03 -3.75331704e-02 -2.96708763e-02 -2.22111511e-03 9.99997464e-01 -2.98066224e-04 1.57994748e-02 3.75324667e-02 3.81224951e-04 9.99295303e-01 -4.79020878e-01 0.00000000e+00 0.00000000e+00 0.00000000e+00 1.00000000e+00
9.99174176e-01 1.81531205e-03 -4.05920156e-02 -3.14206207e-02 -1.81282979e-03 9.99998378e-01 9.79424687e-05 1.60918857e-02 4.05920370e-02 -2.42789864e-05 9.99175765e-01 -4.60665816e-01 0.00000000e+00 0.00000000e+00 0.00000000e+00 1.00000000e+00
9.98959638e-01 2.74747664e-03 -4.55194213e-02 -3.55065471e-02 -2.81378815e-03 9.99995097e-01 -1.39266626e-03 1.55204366e-02 4.55154283e-02 1.51930103e-03 9.98962462e-01 -4.61942732e-01 0.00000000e+00 0.00000000e+00 0.00000000e+00 1.00000000e+00
9.98792722e-01 4.51097483e-03 -4.89163122e-02 -4.06114540e-02 -4.51338715e-03 9.99989802e-01 6.10726504e-05 1.63432456e-02 4.89160786e-02 1.59782228e-04 9.98802917e-01 -4.46958412e-01 0.00000000e+00 0.00000000e+00 0.00000000e+00 1.00000000e+00
9.98631542e-01 9.53064509e-03 -5.14209288e-02 -5.07678628e-02 -9.41666827e-03 9.99952607e-01 2.45840005e-03 1.59370829e-02 5.14418842e-02 -1.97082179e-03 9.98674096e-01 -4.47855605e-01 0.00000000e+00 0.00000000e+00 0.00000000e+00 1.00000000e+00
9.98533979e-01 7.55891871e-03 -5.35988800e-02 -5.37437571e-02 -7.39937507e-03 9.99967573e-01 3.17448666e-03 1.16562374e-02 5.36212188e-02 -2.77323690e-03 9.98557427e-01 -4.34392873e-01 0.00000000e+00 0.00000000e+00 0.00000000e+00 1.00000000e+00
9.98411335e-01 7.40948886e-03 -5.58554136e-02 -5.17761059e-02 -7.26315238e-03 9.99969613e-01 2.82247993e-03 6.41285702e-03 5.58744843e-02 -2.41231703e-03 9.98434892e-01 -4.42468126e-01 0.00000000e+00 0.00000000e+00 0.00000000e+00 1.00000000e+00
9.98398217e-01 1.78281778e-03 -5.65485935e-02 -4.69361308e-02 -1.76639357e-03 9.99998400e-01 3.40508145e-04 4.45757565e-03 5.65492378e-02 -2.40059003e-04 9.98399775e-01 -4.32616165e-01 0.00000000e+00 0.00000000e+00 0.00000000e+00 1.00000000e+00
9.98501310e-01 2.78761829e-03 -5.46571031e-02 -4.32052340e-02 -2.78881829e-03 9.99996127e-01 5.43142936e-05 7.30352989e-03 5.46570857e-02 9.81835900e-05 9.98505197e-01 -4.39030797e-01 0.00000000e+00 0.00000000e+00 0.00000000e+00 1.00000000e+00
9.98560170e-01 8.71267307e-03 -5.29305515e-02 -5.03916652e-02 -8.75729056e-03 9.99961442e-01 -6.10929157e-04 9.58638453e-03 5.29231678e-02 1.07358492e-03 9.98598040e-01 -4.37019320e-01 0.00000000e+00 0.00000000e+00 0.00000000e+00 1.00000000e+00
9.98508476e-01 1.30867069e-02 -5.30067605e-02 -6.41907285e-02 -1.31359037e-02 9.99913607e-01 -5.79803197e-04 1.12717042e-02 5.29945722e-02 1.27522602e-03 9.98593967e-01 -4.25048767e-01 0.00000000e+00 0.00000000e+00 0.00000000e+00 1.00000000e+00
9.98540056e-01 3.84678762e-03 -5.38780067e-02 -4.61676501e-02 -3.64008056e-03 9.99985618e-01 3.93413153e-03 1.28152865e-02 5.38924007e-02 -3.73226151e-03 9.98539797e-01 -4.24966245e-01 0.00000000e+00 0.00000000e+00 0.00000000e+00 1.00000000e+00
9.98493154e-01 -1.67421811e-03 -5.48512713e-02 -4.10373920e-02 2.08142273e-03 9.99970715e-01 7.36740295e-03 9.84039955e-03 5.48372655e-02 -7.47047342e-03 9.98467336e-01 -4.14992921e-01 0.00000000e+00 0.00000000e+00 0.00000000e+00 1.00000000e+00
9.98389011e-01 -1.78514301e-03 -5.67115225e-02 -3.42363063e-02 2.48666430e-03 9.99921169e-01 1.23018291e-02 6.47153208e-04 5.66851853e-02 -1.24230214e-02 9.98314750e-01 -4.30380787e-01 0.00000000e+00 0.00000000e+00 0.00000000e+00 1.00000000e+00
9.98271102e-01 -3.62157975e-03 -5.86667911e-02 -3.93353644e-02 4.20105275e-03 9.99943603e-01 9.75712689e-03 -2.05815929e-03 5.86280687e-02 -9.98672521e-03 9.98229955e-01 -4.36283855e-01 0.00000000e+00 0.00000000e+00 0.00000000e+00 1.00000000e+00
9.98228882e-01 -1.24688148e-03 -5.94758320e-02 -3.40349031e-02 1.45486324e-03 9.99992947e-01 3.45372536e-03 9.69122464e-06 5.94711412e-02 -3.53413671e-03 9.98223837e-01 -4.62778181e-01 0.00000000e+00 0.00000000e+00 0.00000000e+00 1.00000000e+00
9.98251538e-01 6.53394089e-04 -5.91067750e-02 -3.64677613e-02 -4.95855145e-04 9.99996304e-01 2.67997212e-03 -1.20353757e-03 5.91082902e-02 -2.64597704e-03 9.98248073e-01 -4.78513104e-01 0.00000000e+00 0.00000000e+00 0.00000000e+00 1.00000000e+00
9.98292102e-01 -2.73392585e-03 -5.83545472e-02 -3.75786436e-02 2.92185374e-03 9.99990819e-01 3.13534380e-03 1.08932639e-04 5.83454686e-02 -3.30049227e-03 9.98290977e-01 -4.85184222e-01 0.00000000e+00 0.00000000e+00 0.00000000e+00 1.00000000e+00
9.98489193e-01 -1.35764212e-03 -5.49320770e-02 -2.72740193e-02 1.26749880e-03 9.99997858e-01 -1.67581613e-03 5.77574781e-03 5.49343134e-02 1.60365668e-03 9.98488657e-01 -5.11841391e-01 0.00000000e+00 0.00000000e+00 0.00000000e+00 1.00000000e+00
9.98743132e-01 -5.71499065e-03 -4.97959542e-02 -2.62450200e-02 5.66523256e-03 9.99983253e-01 -1.14034448e-03 4.21165653e-03 4.98015360e-02 8.56806253e-04 9.98758745e-01 -5.23141127e-01 0.00000000e+00 0.00000000e+00 0.00000000e+00 1.00000000e+00
9.98944966e-01 -5.36009804e-03 -4.56082161e-02 -1.48448922e-02 5.43821745e-03 9.99983910e-01 1.58889812e-03 -1.41174045e-03 4.55989504e-02 -1.83524849e-03 9.98958149e-01 -5.41124707e-01 0.00000000e+00 0.00000000e+00 0.00000000e+00 1.00000000e+00
9.99212035e-01 -4.29046667e-03 -3.94583384e-02 -1.45615995e-02 4.24412675e-03 9.99990279e-01 -1.25806908e-03 2.11875595e-03 3.94633210e-02 1.08961067e-03 9.99220434e-01 -5.61453134e-01 0.00000000e+00 0.00000000e+00 0.00000000e+00 1.00000000e+00
9.99469918e-01 -7.08454442e-04 -3.25483121e-02 -1.66910611e-02 6.20187862e-04 9.99996062e-01 -2.72185349e-03 7.93683031e-03 3.25501674e-02 2.70022634e-03 9.99466415e-01 -5.76385957e-01 0.00000000e+00 0.00000000e+00 0.00000000e+00 1.00000000e+00
9.99667985e-01 1.68141868e-03 -2.57084522e-02 -1.41627554e-02 -1.72253678e-03 9.99997234e-01 -1.57734809e-03 8.24394836e-03 2.57056988e-02 1.62110585e-03 9.99668281e-01 -5.94769414e-01 0.00000000e+00 0.00000000e+00 0.00000000e+00 1.00000000e+00
9.99749959e-01 7.96057083e-04 -2.23515678e-02 -1.29263393e-02 -8.45305112e-04 9.99997246e-01 -2.19407269e-03 5.52714262e-03 2.23497624e-02 2.21241759e-03 9.99747778e-01 -6.10644491e-01 0.00000000e+00 0.00000000e+00 0.00000000e+00 1.00000000e+00
9.99815697e-01 -2.01014503e-03 -1.90926493e-02 -7.05002297e-03 1.95125704e-03 9.99993363e-01 -3.10231854e-03 9.66970999e-03 1.90987374e-02 3.06449147e-03 9.99812880e-01 -6.28597919e-01 0.00000000e+00 0.00000000e+00 0.00000000e+00 1.00000000e+00
9.99864469e-01 -3.78866403e-03 -1.60160614e-02 -2.18841766e-03 3.77201393e-03 9.99992303e-01 -1.07005339e-03 9.91352435e-03 1.60200875e-02 1.00949620e-03 9.99871164e-01 -6.41559285e-01 0.00000000e+00 0.00000000e+00 0.00000000e+00 1.00000000e+00
9.99892108e-01 -4.18449357e-03 -1.40809804e-02 -2.45607341e-03 4.15192275e-03 9.99988588e-01 -2.34100453e-03 1.13022717e-02 1.40906016e-02 2.28228829e-03 9.99898160e-01 -6.57144401e-01 0.00000000e+00 0.00000000e+00 0.00000000e+00 1.00000000e+00
9.99906453e-01 1.72305296e-03 -1.35680713e-02 -1.12668242e-02 -1.72148163e-03 9.99998515e-01 1.27006548e-04 7.76980203e-03 1.35682567e-02 -1.03638963e-04 9.99907898e-01 -6.70647173e-01 0.00000000e+00 0.00000000e+00 0.00000000e+00 1.00000000e+00
9.99901770e-01 1.13878644e-04 -1.40212190e-02 -1.18640899e-02 -1.13167802e-04 9.99999961e-01 5.13595011e-05 6.52946279e-03 1.40211794e-02 -4.97673204e-05 9.99901735e-01 -6.85907556e-01 0.00000000e+00 0.00000000e+00 0.00000000e+00 1.00000000e+00
9.99888958e-01 -2.13251306e-04 -1.48982221e-02 -9.11470555e-03 2.02698308e-04 9.99999771e-01 -7.09849053e-04 6.45282297e-03 1.48983793e-02 7.06750223e-04 9.99888765e-01 -7.01174053e-01 0.00000000e+00 0.00000000e+00 0.00000000e+00 1.00000000e+00
9.99892424e-01 -1.13043384e-03 -1.46262055e-02 -9.86044381e-03 1.12040437e-03 9.99999091e-01 -6.93351728e-04 9.46761732e-03 1.46269659e-02 6.76890878e-04 9.99892789e-01 -7.16845173e-01 0.00000000e+00 0.00000000e+00 0.00000000e+00 1.00000000e+00
9.99914712e-01 -3.31528314e-04 -1.30516561e-02 -8.55330024e-03 3.60903078e-04 9.99997484e-01 2.24816668e-03 1.26454310e-02 1.30508889e-02 -2.25268515e-03 9.99912251e-01 -7.24450866e-01 0.00000000e+00 0.00000000e+00 0.00000000e+00 1.00000000e+00
9.99931843e-01 -1.87824085e-03 -1.15282264e-02 -7.89547934e-03 1.92629131e-03 9.99989474e-01 4.15827191e-03 9.91741536e-03 1.15203441e-02 -4.18019334e-03 9.99924964e-01 -7.38190544e-01 0.00000000e+00 0.00000000e+00 0.00000000e+00 1.00000000e+00
9.99948750e-01 1.92625001e-03 -9.93416251e-03 -9.59710290e-03 -1.85808171e-03 9.99974731e-01 6.86628887e-03 2.20169243e-03 9.94713930e-03 -6.84747638e-03 9.99927071e-01 -7.46682480e-01 0.00000000e+00 0.00000000e+00 0.00000000e+00 1.00000000e+00
9.99965128e-01 4.42924781e-04 -8.33747291e-03 -8.92403447e-03 -4.33577958e-04 9.99999240e-01 1.12326910e-03 1.07810838e-03 8.33794617e-03 -1.11961857e-03 9.99964537e-01 -7.62807554e-01 0.00000000e+00 0.00000000e+00 0.00000000e+00 1.00000000e+00
9.99975904e-01 -1.14950259e-03 -6.85213519e-03 -3.59840703e-03 1.10431389e-03 9.99977597e-01 -6.59532743e-03 1.10356312e-02 6.85958413e-03 6.58760318e-03 9.99954811e-01 -7.75663392e-01 0.00000000e+00 0.00000000e+00 0.00000000e+00 1.00000000e+00
9.99979750e-01 -3.76859717e-03 -5.13185892e-03 2.20392149e-03 3.72544459e-03 9.99957826e-01 -8.39353276e-03 1.99269818e-02 5.16324718e-03 8.37424137e-03 9.99951602e-01 -7.79057888e-01 0.00000000e+00 0.00000000e+00 0.00000000e+00 1.00000000e+00
9.99990574e-01 -6.63202277e-04 -4.27957213e-03 -1.11628312e-03 6.40305701e-04 9.99985589e-01 -5.34821503e-03 1.97284730e-02 4.28305248e-03 5.34542823e-03 9.99976516e-01 -7.77239144e-01 0.00000000e+00 0.00000000e+00 0.00000000e+00 1.00000000e+00
