9.99995682e-01 -2.87371125e-03 -6.77699544e-04 -3.86340138e-03 2.87222041e-03 9.99993544e-01 -2.19225779e-03 1.86750733e-01 6.83995168e-04 2.19030139e-03 9.99997335e-01 -8.08108914e-01 0.00000000e+00 0.00000000e+00 0.00000000e+00 1.00000000e+00
9.99995854e-01 -2.71702799e-03 -8.73140722e-04 -3.06768481e-03 2.71614997e-03 9.99995806e-01 -1.00496429e-03 1.85852619e-01 8.75867713e-04 1.00258842e-03 9.99999136e-01 -8.21319762e-01 0.00000000e+00 0.00000000e+00 0.00000000e+00 1.00000000e+00
9.99998804e-01 -1.33326542e-03 -7.93277877e-04 -1.27648547e-02 1.33337392e-03 9.99999077e-01 1.34729763e-04 1.86315163e-01 7.93097705e-04 -1.35787524e-04 9.99999662e-01 -7.58933095e-01 0.00000000e+00 0.00000000e+00 0.00000000e+00 1.00000000e+00
9.99997950e-01 -1.97011265e-03 -4.40925841e-04 -8.58055079e-03 1.97014274e-03 9.99998071e-01 6.77091960e-05 1.84272842e-01 4.40790836e-04 -6.85781347e-05 9.99999883e-01 -7.83504841e-01 0.00000000e+00 0.00000000e+00 0.00000000e+00 1.00000000e+00
9.99999712e-01 -1.60563052e-04 -8.13187114e-04 -2.83640624e-03 1.60510113e-04 9.99999945e-01 -6.57747613e-05 1.86164491e-01 8.13197678e-04 6.56445115e-05 9.99999686e-01 -7.24118768e-01 0.00000000e+00 0.00000000e+00 0.00000000e+00 1.00000000e+00
9.99999628e-01 -2.98265588e-04 -7.72226079e-04 -3.35225486e-03 2.97246785e-04 9.99999067e-01 -1.31995894e-03 1.87244216e-01 7.72620195e-04 1.31972883e-03 9.99998843e-01 -7.31386468e-01 0.00000000e+00 0.00000000e+00 0.00000000e+00 1.00000000e+00
9.99999297e-01 -6.95381251e-04 -9.88662153e-04 -1.05759458e-02 6.92533135e-04 9.99995636e-01 -2.87789139e-03 1.87587672e-01 9.90658197e-04 2.87720419e-03 9.99995396e-01 -6.89549513e-01 0.00000000e+00 0.00000000e+00 0.00000000e+00 1.00000000e+00
9.99998663e-01 1.38329943e-04 -1.63311969e-03 1.55782846e-03 -1.45118984e-04 9.99991335e-01 -4.15841229e-03 1.92866111e-01 1.63253043e-03 4.15864107e-03 9.99989987e-01 -6.45528765e-01 0.00000000e+00 0.00000000e+00 0.00000000e+00 1.00000000e+00
9.99998615e-01 7.88279660e-04 -1.42563847e-03 -7.28966549e-03 -7.93638692e-04 9.99992584e-01 -3.76132995e-03 1.94369476e-01 1.42266292e-03 3.76246101e-03 9.99991901e-01 -6.12495200e-01 0.00000000e+00 0.00000000e+00 0.00000000e+00 1.00000000e+00
9.99998941e-01 8.26478890e-04 -1.21373514e-03 -1.08032197e-02 -8.29614355e-04 9.99996380e-01 -2.58509434e-03 1.94516744e-01 1.21159466e-03 2.58609499e-03 9.99995891e-01 -5.91624856e-01 0.00000000e+00 0.00000000e+00 0.00000000e+00 1.00000000e+00
9.99998797e-01 -3.88274684e-04 -1.53548905e-03 -9.21671699e-03 3.87846164e-04 9.99999882e-01 -2.79863442e-04 1.93915906e-01 1.53559904e-03 2.79267093e-04 9.99998812e-01 -5.80629297e-01 0.00000000e+00 0.00000000e+00 0.00000000e+00 1.00000000e+00
9.99998144e-01 -1.14378291e-03 -1.52235610e-03 1.84331451e-02 1.14687657e-03 9.99997280e-01 2.03300227e-03 1.92169928e-01 1.52003287e-03 -2.03474134e-03 9.99996802e-01 -5.27974100e-01 0.00000000e+00 0.00000000e+00 0.00000000e+00 1.00000000e+00
9.99999203e-01 7.88172578e-05 -1.24811036e-03 3.01356204e-02 -7.48156513e-05 9.99994843e-01 3.20668433e-03 1.94293494e-01 1.24835323e-03 -3.20659328e-03 9.99994040e-01 -4.73719965e-01 0.00000000e+00 0.00000000e+00 0.00000000e+00 1.00000000e+00
9.99997427e-01 1.33363275e-03 -1.83581279e-03 1.27730358e-02 -1.33136113e-03 9.99998350e-01 1.23763492e-03 1.90121705e-01 1.83745668e-03 -1.23518138e-03 9.99997569e-01 -4.45801549e-01 0.00000000e+00 0.00000000e+00 0.00000000e+00 1.00000000e+00
9.99991181e-01 3.69932832e-03 -2.01285810e-03 1.58025554e-02 -3.69504023e-03 9.99990939e-01 2.13088473e-03 1.92186311e-01 2.02072630e-03 -2.12343062e-03 9.99995705e-01 -4.25969258e-01 0.00000000e+00 0.00000000e+00 0.00000000e+00 1.00000000e+00
9.99995202e-01 2.38562463e-03 -1.94336589e-03 -3.50697835e-03 -2.38306884e-03 9.99996287e-01 1.31664797e-03 1.88796039e-01 1.94648885e-03 -1.31201009e-03 9.99997303e-01 -3.98718089e-01 0.00000000e+00 0.00000000e+00 0.00000000e+00 1.00000000e+00
9.99988117e-01 -4.26621527e-03 -2.37458973e-03 1.25365442e-02 4.26985615e-03 9.99989712e-01 1.52959282e-03 1.91552482e-01 2.36805049e-03 -1.53971343e-03 9.99995912e-01 -3.86667116e-01 0.00000000e+00 0.00000000e+00 0.00000000e+00 1.00000000e+00
9.99984351e-01 -4.61506875e-03 -3.16454694e-03 1.02310219e-02 4.61742872e-03 9.99988998e-01 7.36325714e-04 1.92653141e-01 3.16111744e-03 -7.50926198e-04 9.99994741e-01 -3.19095428e-01 0.00000000e+00 0.00000000e+00 0.00000000e+00 1.00000000e+00
9.99993582e-01 -9.00309642e-04 -3.47375838e-03 1.19773698e-02 8.97051217e-04 9.99999162e-01 -9.35868045e-04 1.92027508e-01 3.47458634e-03 9.32744456e-04 9.99993564e-01 -2.91019099e-01 0.00000000e+00 0.00000000e+00 0.00000000e+00 1.00000000e+00
9.99986616e-01 4.07810539e-03 -3.18562888e-03 -1.16652462e-02 -4.08038903e-03 9.99991457e-01 -7.12396640e-04 1.85329972e-01 3.18270740e-03 7.25387116e-04 9.99994625e-01 -2.74902546e-01 0.00000000e+00 0.00000000e+00 0.00000000e+00 1.00000000e+00
9.99983350e-01 5.18228823e-03 -2.53567595e-03 -1.16771669e-02 -5.18057883e-03 9.99986385e-01 6.81108416e-04 1.83772118e-01 2.53916112e-03 -6.67960867e-04 9.99996619e-01 -2.47335012e-01 0.00000000e+00 0.00000000e+00 0.00000000e+00 1.00000000e+00
9.99990736e-01 3.49129463e-03 -2.51283170e-03 -1.65555579e-02 -3.49531761e-03 9.99992586e-01 -1.59826289e-03 1.84212954e-01 2.50724092e-03 1.60703105e-03 9.99995537e-01 -2.22497640e-01 0.00000000e+00 0.00000000e+00 0.00000000e+00 1.00000000e+00
9.99996351e-01 3.48339792e-04 -2.68387914e-03 9.14393108e-03 -3.51960850e-04 9.99998966e-01 -1.34889960e-03 1.97781723e-01 2.68340604e-03 1.34983801e-03 9.99995519e-01 -9.86291540e-02 0.00000000e+00 0.00000000e+00 0.00000000e+00 1.00000000e+00
9.99997530e-01 -7.72535461e-04 -2.04868804e-03 -1.75283139e-03 7.74906063e-04 9.99999041e-01 1.15659481e-03 1.90325473e-01 2.04777919e-03 -1.15817852e-03 9.99997163e-01 -1.10568255e-01 0.00000000e+00 0.00000000e+00 0.00000000e+00 1.00000000e+00
9.99997155e-01 -7.58067797e-04 -2.27576034e-03 -5.71697773e-03 7.61812564e-04 9.99998412e-01 1.64504943e-03 1.87773963e-01 2.27451989e-03 -1.64677844e-03 9.99996135e-01 -9.54451064e-02 0.00000000e+00 0.00000000e+00 0.00000000e+00 1.00000000e+00
9.99994281e-01 -2.14463310e-03 -2.61075708e-03 -2.36849532e-03 2.14740824e-03 9.99997084e-01 1.06045492e-03 1.89579766e-01 2.60846692e-03 -1.06605399e-03 9.99995961e-01 -8.62250584e-02 0.00000000e+00 0.00000000e+00 0.00000000e+00 1.00000000e+00
9.99994158e-01 -2.91643614e-03 -1.76688055e-03 -8.84647561e-03 2.91705540e-03 9.99995740e-01 3.47383315e-04 1.88394726e-01 1.76586737e-03 -3.52536153e-04 9.99998449e-01 -8.89894965e-02 0.00000000e+00 0.00000000e+00 0.00000000e+00 1.00000000e+00
9.99997863e-01 -1.61608191e-03 -1.29071183e-03 1.78710698e-02 1.61777690e-03 9.99997848e-01 1.31328214e-03 1.99258083e-01 1.28858514e-03 -1.31536642e-03 9.99998264e-01 -1.05272363e-02 0.00000000e+00 0.00000000e+00 0.00000000e+00 1.00000000e+00
9.99997717e-01 8.85529257e-04 -1.95712591e-03 -8.96954061e-04 -8.81851576e-04 9.99997811e-01 1.87933086e-03 1.89883115e-01 1.95879341e-03 -1.87760120e-03 9.99996366e-01 -4.18488721e-02 0.00000000e+00 0.00000000e+00 0.00000000e+00 1.00000000e+00
9.99998024e-01 1.36226213e-03 -1.47378864e-03 1.99301107e-03 -1.35989999e-03 9.99997734e-01 1.60183855e-03 1.89223039e-01 1.47596121e-03 -1.59983047e-03 9.99997603e-01 -3.13326197e-02 0.00000000e+00 0.00000000e+00 0.00000000e+00 1.00000000e+00
9.99998967e-01 8.75108371e-04 -1.08456772e-03 -1.22124933e-02 -8.73863448e-04 9.99999024e-01 1.14866230e-03 1.82951128e-01 1.08557413e-03 -1.14771306e-03 9.99998697e-01 -5.77033987e-02 0.00000000e+00 0.00000000e+00 0.00000000e+00 1.00000000e+00
9.99998778e-01 -6.47589176e-04 -1.47819614e-03 3.18560244e-03 6.49594333e-04 9.99998827e-01 1.35599673e-03 1.90474277e-01 1.47731773e-03 -1.35695429e-03 9.99998003e-01 -2.16381424e-02 0.00000000e+00 0.00000000e+00 0.00000000e+00 1.00000000e+00
9.99998690e-01 -9.10714546e-04 -1.30106730e-03 -6.81787359e-03 9.13517132e-04 9.99997305e-01 2.15598598e-03 1.87092126e-01 1.29909412e-03 -2.15717110e-03 9.99996898e-01 -3.66270152e-02 0.00000000e+00 0.00000000e+00 0.00000000e+00 1.00000000e+00
9.99999714e-01 -1.13088630e-05 -7.97175736e-04 -1.75987960e-03 1.30959339e-05 9.99997479e-01 2.24064746e-03 1.89601256e-01 7.97158381e-04 -2.24065769e-03 9.99997120e-01 -2.11801517e-02 0.00000000e+00 0.00000000e+00 0.00000000e+00 1.00000000e+00
9.99999292e-01 9.01203487e-04 -7.15546676e-04 -1.38306746e-02 -8.99566744e-04 9.99996998e-01 2.28493732e-03 1.84029327e-01 7.17596967e-04 -2.28429202e-03 9.99997124e-01 -4.69884541e-02 0.00000000e+00 0.00000000e+00 0.00000000e+00 1.00000000e+00
9.99999457e-01 1.01393351e-03 3.77878901e-04 -1.25370590e-02 -1.01468446e-03 9.99997481e-01 1.98997809e-03 1.83833035e-01 -3.75860573e-04 -1.99035625e-03 9.99997922e-01 -4.77235568e-02 0.00000000e+00 0.00000000e+00 0.00000000e+00 1.00000000e+00
9.99997688e-01 5.72125742e-04 2.06178198e-03 -1.68772607e-03 -5.74745418e-04 9.99999068e-01 1.27010363e-03 1.84210207e-01 -2.06105902e-03 -1.27129157e-03 9.99997161e-01 -4.18191259e-02 0.00000000e+00 0.00000000e+00 0.00000000e+00 1.00000000e+00
9.99995439e-01 -1.10276768e-04 3.01089038e-03 1.04702577e-02 1.07261977e-04 9.99999445e-01 1.00158299e-03 1.87294515e-01 -3.01099459e-03 -1.00124696e-03 9.99994941e-01 -2.87965569e-02 0.00000000e+00 0.00000000e+00 0.00000000e+00 1.00000000e+00
9.99991657e-01 -5.77086676e-04 4.04134105e-03 3.75989415e-04 5.72304082e-04 9.99999094e-01 1.18433834e-03 1.83207900e-01 -4.04202107e-03 -1.18201137e-03 9.99991065e-01 -4.89725185e-02 0.00000000e+00 0.00000000e+00 0.00000000e+00 1.00000000e+00
9.99983901e-01 -2.81904943e-04 5.67407065e-03 -2.27972660e-03 2.75195027e-04 9.99999322e-01 1.18344030e-03 1.81358091e-01 -5.67439365e-03 -1.18186251e-03 9.99983210e-01 -5.49600659e-02 0.00000000e+00 0.00000000e+00 0.00000000e+00 1.00000000e+00
9.99977821e-01 1.06847580e-04 6.65587174e-03 -5.65666547e-04 -1.12338931e-04 9.99999682e-01 8.24791092e-04 1.81194209e-01 -6.65578114e-03 -8.25528239e-04 9.99977500e-01 -5.45054797e-02 0.00000000e+00 0.00000000e+00 0.00000000e+00 1.00000000e+00
9.99973864e-01 -9.32221802e-05 7.22938214e-03 1.05959724e-02 8.69311712e-05 9.99999574e-01 8.70342471e-04 1.83138689e-01 -7.22946718e-03 -8.69686551e-04 9.99973526e-01 -3.28979177e-02 0.00000000e+00 0.00000000e+00 0.00000000e+00 1.00000000e+00
9.99966880e-01 -1.87082265e-04 8.14088141e-03 1.44430079e-02 1.78200720e-04 9.99999358e-01 1.09188489e-03 1.82997420e-01 -8.14108981e-03 -1.09039548e-03 9.99966326e-01 -3.30724256e-02 0.00000000e+00 0.00000000e+00 0.00000000e+00 1.00000000e+00
9.99949445e-01 1.10388916e-03 9.99705467e-03 3.11422600e-03 -1.11735995e-03 9.99998463e-01 1.34192468e-03 1.79540051e-01 -9.99554758e-03 -1.35303044e-03 9.99949040e-01 -6.10505082e-02 0.00000000e+00 0.00000000e+00 0.00000000e+00 1.00000000e+00
9.99915555e-01 1.36437669e-03 1.29190064e-02 9.32803860e-03 -1.38700312e-03 9.99997611e-01 1.74251397e-03 1.80138808e-01 -1.29165994e-02 -1.76028378e-03 9.99915113e-01 -6.61187772e-02 0.00000000e+00 0.00000000e+00 0.00000000e+00 1.00000000e+00
9.99874174e-01 7.71910761e-04 1.58444158e-02 2.57328540e-03 -8.04694077e-04 9.99997534e-01 2.06281598e-03 1.76361385e-01 -1.58427843e-02 -2.07531486e-03 9.99872297e-01 -9.60380418e-02 0.00000000e+00 0.00000000e+00 0.00000000e+00 1.00000000e+00
9.99811521e-01 -5.47141941e-04 1.94061565e-02 3.23154567e-02 5.26057699e-04 9.99999201e-01 1.09154800e-03 1.83852377e-01 -1.94067408e-02 -1.08112556e-03 9.99811079e-01 -7.42825805e-02 0.00000000e+00 0.00000000e+00 0.00000000e+00 1.00000000e+00
9.99761713e-01 -8.59200728e-04 2.18124206e-02 2.46835370e-02 8.63913498e-04 9.99999603e-01 -2.06587822e-04 1.80798399e-01 -2.18122344e-02 2.25382277e-04 9.99762097e-01 -1.10793159e-01 0.00000000e+00 0.00000000e+00 0.00000000e+00 1.00000000e+00
9.99720683e-01 -6.24243465e-04 2.36259036e-02 3.32494579e-02 6.51011646e-04 9.99999171e-01 -1.12536116e-03 1.80328405e-01 -2.36251949e-02 1.14042620e-03 9.99720205e-01 -1.17648063e-01 0.00000000e+00 0.00000000e+00 0.00000000e+00 1.00000000e+00
9.99639945e-01 -8.77243805e-04 2.68196974e-02 2.24533858e-02 9.15397441e-04 9.99998560e-01 -1.41028467e-03 1.79501772e-01 -2.68184510e-02 1.43432705e-03 9.99639268e-01 -1.59769839e-01 0.00000000e+00 0.00000000e+00 0.00000000e+00 1.00000000e+00
9.99543778e-01 -1.07391452e-03 3.01847884e-02 4.15064291e-02 1.12854475e-03 9.99997787e-01 -1.79289580e-03 1.80307671e-01 -3.01827125e-02 1.82614054e-03 9.99542698e-01 -1.58735790e-01 0.00000000e+00 0.00000000e+00 0.00000000e+00 1.00000000e+00
9.99436051e-01 3.39341537e-04 3.35777068e-02 4.10513579e-02 -2.34204575e-04 9.99995096e-01 -3.13505905e-03 1.80246612e-01 -3.35786843e-02 3.12542753e-03 9.99431224e-01 -1.97307448e-01 0.00000000e+00 0.00000000e+00 0.00000000e+00 1.00000000e+00
9.99300218e-01 -3.46131689e-04 3.74022903e-02 3.90574698e-02 4.80213363e-04 9.99993438e-01 -3.57587682e-03 1.79965641e-01 -3.74008056e-02 3.59133605e-03 9.99293967e-01 -2.17812540e-01 0.00000000e+00 0.00000000e+00 0.00000000e+00 1.00000000e+00
9.99165878e-01 -2.46566794e-04 4.08345554e-02 6.15156053e-02 4.56600973e-04 9.99986737e-01 -5.13445041e-03 1.77072304e-01 -4.08326961e-02 5.14881117e-03 9.99152691e-01 -2.11455960e-01 0.00000000e+00 0.00000000e+00 0.00000000e+00 1.00000000e+00
9.99068805e-01 -2.91773511e-03 4.30457074e-02 4.00732126e-02 3.09910328e-03 9.99986603e-01 -4.14731274e-03 1.78910649e-01 -4.30330290e-02 4.27685374e-03 9.99064506e-01 -2.52135839e-01 0.00000000e+00 0.00000000e+00 0.00000000e+00 1.00000000e+00
9.99016215e-01 -2.52848596e-03 4.42749952e-02 5.75418072e-02 2.69367435e-03 9.99989632e-01 -3.67157274e-03 1.81370073e-01 -4.42653103e-02 3.78722269e-03 9.99012564e-01 -2.66893376e-01 0.00000000e+00 0.00000000e+00 0.00000000e+00 1.00000000e+00
9.98936295e-01 -1.14088721e-03 4.60975997e-02 6.85880982e-02 1.35949017e-03 9.99987982e-01 -4.71107661e-03 1.78787767e-01 -4.60916541e-02 4.76873381e-03 9.98925883e-01 -2.64731188e-01 0.00000000e+00 0.00000000e+00 0.00000000e+00 1.00000000e+00
9.98862717e-01 -5.93358260e-04 4.76745136e-02 5.60429692e-02 9.28526308e-04 9.99975039e-01 -7.00832416e-03 1.84005368e-01 -4.76690720e-02 7.04461543e-03 9.98838356e-01 -3.00632798e-01 0.00000000e+00 0.00000000e+00 0.00000000e+00 1.00000000e+00
9.98818908e-01 -2.02284454e-03 4.85466369e-02 5.14163758e-02 2.31559110e-03 9.99979491e-01 -5.97483906e-03 1.83137055e-01 -4.85336035e-02 6.08019834e-03 9.98802998e-01 -2.95091069e-01 0.00000000e+00 0.00000000e+00 0.00000000e+00 1.00000000e+00
9.98739341e-01 -3.76299745e-03 5.00555992e-02 9.08846182e-02 3.94639138e-03 9.99985823e-01 -3.56557092e-03 1.80617401e-01 -5.00414718e-02 3.75861445e-03 9.98740043e-01 -2.71395140e-01 0.00000000e+00 0.00000000e+00 0.00000000e+00 1.00000000e+00
9.98651438e-01 -2.56258062e-03 5.18527014e-02 6.11841006e-02 2.69127965e-03 9.99993450e-01 -2.41217481e-03 1.81762760e-01 -5.18462094e-02 2.54847266e-03 9.98651909e-01 -3.22019540e-01 0.00000000e+00 0.00000000e+00 0.00000000e+00 1.00000000e+00
9.98592301e-01 -4.32737252e-03 5.28651402e-02 1.06766793e-01 4.33837311e-03 9.99990601e-01 -9.33727180e-05 1.79810204e-01 -5.28642719e-02 3.22586586e-04 9.98601645e-01 -3.16975505e-01 0.00000000e+00 0.00000000e+00 0.00000000e+00 1.00000000e+00
9.98553392e-01 -2.31018942e-03 5.37189118e-02 6.28993443e-02 2.38937035e-03 9.99996095e-01 -1.40966959e-03 1.76172278e-01 -5.37154184e-02 1.53598005e-03 9.98555045e-01 -3.43348926e-01 0.00000000e+00 0.00000000e+00 0.00000000e+00 1.00000000e+00
9.98466600e-01 -3.01607198e-03 5.52753856e-02 6.00851820e-02 3.13253799e-03 9.99993047e-01 -2.02056784e-03 1.74886052e-01 -5.52688555e-02 2.19062835e-03 9.98469140e-01 -3.56697721e-01 0.00000000e+00 0.00000000e+00 0.00000000e+00 1.00000000e+00
9.98485281e-01 -5.89334321e-04 5.50160348e-02 1.03076741e-01 6.94779350e-04 9.99998023e-01 -1.89750879e-03 1.75163681e-01 -5.50148437e-02 1.93285015e-03 9.98483707e-01 -3.56250873e-01 0.00000000e+00 0.00000000e+00 0.00000000e+00 1.00000000e+00
9.98497856e-01 2.59306535e-04 5.47907971e-02 5.33328140e-02 -2.40223949e-04 9.99999888e-01 -3.54956286e-04 1.79447580e-01 -5.47909274e-02 3.41256279e-04 9.98497796e-01 -4.14279954e-01 0.00000000e+00 0.00000000e+00 0.00000000e+00 1.00000000e+00
9.98492434e-01 2.39070926e-03 5.48375101e-02 6.14366303e-02 -2.33514560e-03 9.99996709e-01 -1.07729567e-03 1.80044547e-01 -5.48398767e-02 9.47625926e-04 9.98494664e-01 -4.35933038e-01 0.00000000e+00 0.00000000e+00 0.00000000e+00 1.00000000e+00
9.98475595e-01 2.18288612e-03 5.51510668e-02 8.81814758e-02 -2.07929619e-03 9.99995924e-01 -1.93539645e-03 1.77253678e-01 -5.51551477e-02 1.81776567e-03 9.98476187e-01 -4.36371288e-01 0.00000000e+00 0.00000000e+00 0.00000000e+00 1.00000000e+00
9.98475894e-01 -9.12769992e-04 5.51818310e-02 5.62478819e-02 9.89547991e-04 9.99998605e-01 -1.36427958e-03 1.76235099e-01 -5.51804686e-02 1.41681549e-03 9.98475369e-01 -4.66564228e-01 0.00000000e+00 0.00000000e+00 0.00000000e+00 1.00000000e+00
9.98403381e-01 -1.89445095e-03 5.64548267e-02 9.85077689e-02 1.81042782e-03 9.99997204e-01 1.53942894e-03 1.73639912e-01 -5.64576028e-02 -1.43477220e-03 9.98403931e-01 -4.58087894e-01 0.00000000e+00 0.00000000e+00 0.00000000e+00 1.00000000e+00
9.98290531e-01 2.11304815e-03 5.84094819e-02 5.36314670e-02 -2.11277859e-03 9.99997723e-01 -6.63483775e-05 1.75327749e-01 -5.84095212e-02 -5.71736748e-05 9.98292729e-01 -5.22073149e-01 0.00000000e+00 0.00000000e+00 0.00000000e+00 1.00000000e+00
9.98301819e-01 2.19782127e-03 5.82108752e-02 4.33995628e-02 -2.15012938e-03 9.99997355e-01 -8.82001663e-04 1.75470402e-01 -5.82125382e-02 7.55354235e-04 9.98303887e-01 -5.28424368e-01 0.00000000e+00 0.00000000e+00 0.00000000e+00 1.00000000e+00
9.98355328e-01 5.64585256e-04 5.73262619e-02 8.97916003e-02 -6.62746762e-04 9.99998327e-01 1.69355948e-03 1.71864477e-01 -5.73253135e-02 -1.72877378e-03 9.98354141e-01 -5.49562550e-01 0.00000000e+00 0.00000000e+00 0.00000000e+00 1.00000000e+00
9.98458505e-01 -2.05027334e-03 5.54657155e-02 4.61975163e-02 2.31236018e-03 9.99986438e-01 -4.66155336e-03 1.73985152e-01 -5.54553568e-02 4.78261552e-03 9.98449669e-01 -5.66030574e-01 0.00000000e+00 0.00000000e+00 0.00000000e+00 1.00000000e+00
9.98600053e-01 -4.99254443e-04 5.28941434e-02 4.16997126e-02 8.15093498e-04 9.99981928e-01 -5.94966422e-03 1.78562416e-01 -5.28902757e-02 5.98445576e-03 9.98582337e-01 -5.87365533e-01 0.00000000e+00 0.00000000e+00 0.00000000e+00 1.00000000e+00
9.98746639e-01 3.11113322e-03 4.99547548e-02 6.32109676e-02 -3.01775944e-03 9.99993650e-01 -1.94452503e-03 1.79058122e-01 -4.99604476e-02 1.79134187e-03 9.98749614e-01 -6.38262190e-01 0.00000000e+00 0.00000000e+00 0.00000000e+00 1.00000000e+00
9.98980232e-01 -6.73292258e-05 4.51485613e-02 3.36918171e-02 1.55666781e-04 9.99998082e-01 -1.95304076e-03 1.84137647e-01 -4.51483227e-02 1.95806858e-03 9.98978376e-01 -6.40197457e-01 0.00000000e+00 0.00000000e+00 0.00000000e+00 1.00000000e+00
9.99156588e-01 -2.85277959e-03 4.09637205e-02 5.28910890e-02 2.80517570e-03 9.99995323e-01 1.21945491e-03 1.79866253e-01 -4.09670266e-02 -1.10350756e-03 9.99159942e-01 -6.79328032e-01 0.00000000e+00 0.00000000e+00 0.00000000e+00 1.00000000e+00
9.99355244e-01 -3.65067462e-03 3.57185220e-02 3.49351046e-02 3.48111071e-03 9.99982287e-01 4.80823487e-03 1.67574522e-01 -3.57354308e-02 -4.68079885e-03 9.99350318e-01 -6.74681671e-01 0.00000000e+00 0.00000000e+00 0.00000000e+00 1.00000000e+00
9.99564956e-01 -4.07045902e-03 2.92088236e-02 4.08468877e-02 4.04064516e-03 9.99991288e-01 1.07981022e-03 1.69273857e-01 -2.92129794e-02 -9.61319516e-04 9.99572692e-01 -7.06154163e-01 0.00000000e+00 0.00000000e+00 0.00000000e+00 1.00000000e+00
9.99767346e-01 -2.73691459e-03 2.13974138e-02 2.82480069e-02 2.83408071e-03 9.99985790e-01 -4.51223916e-03 1.76234129e-01 -2.13847585e-02 4.57183862e-03 9.99760895e-01 -7.36653579e-01 0.00000000e+00 0.00000000e+00 0.00000000e+00 1.00000000e+00
9.99909074e-01 1.71276371e-04 1.34844657e-02 1.96283722e-02 -8.88740661e-05 9.99981357e-01 -6.11127846e-03 1.80236595e-01 -1.34852576e-02 6.10951071e-03 9.99890432e-01 -7.94091567e-01 0.00000000e+00 0.00000000e+00 0.00000000e+00 1.00000000e+00
9.99965675e-01 -3.60751684e-04 8.27976294e-03 2.20414368e-02 3.87744048e-04 9.99994569e-01 -3.25844345e-03 1.82506742e-01 -8.27854754e-03 3.26154720e-03 9.99960353e-01 -7.65144517e-01 0.00000000e+00 0.00000000e+00 0.00000000e+00 1.00000000e+00
9.99990939e-01 8.61616480e-04 4.16424496e-03 1.49956222e-02 -8.71835778e-04 9.99996635e-01 2.45198587e-03 1.81662496e-01 -4.16211155e-03 -2.45560048e-03 9.99988377e-01 -7.98103473e-01 0.00000000e+00 0.00000000e+00 0.00000000e+00 1.00000000e+00
9.99983089e-01 5.81175042e-03 2.38672829e-05 1.25064384e-02 -5.81179794e-03 9.99975297e-01 3.96643758e-03 1.73616270e-01 -8.17434400e-07 -3.96650138e-03 9.99992156e-01 -7.98440821e-01 0.00000000e+00 0.00000000e+00 0.00000000e+00 1.00000000e+00
9.99907095e-01 1.32411617e-02 -3.24977274e-03 -3.48530813e-03 -1.32313483e-02 9.99907812e-01 3.02467481e-03 1.64365391e-01 3.28951614e-03 -2.98139882e-03 9.99990148e-01 -8.62825910e-01 0.00000000e+00 0.00000000e+00 0.00000000e+00 1.00000000e+00
9.99984256e-01 1.56276682e-03 -5.38449603e-03 1.54824407e-02 -1.56391101e-03 9.99998845e-01 -2.08792789e-04 1.73373298e-01 5.38416425e-03 2.17219640e-04 9.99985428e-01 -8.50686021e-01 0.00000000e+00 0.00000000e+00 0.00000000e+00 1.00000000e+00
9.99979431e-01 -2.95577744e-03 -5.69078370e-03 2.16927603e-02 2.95880011e-03 9.99995410e-01 5.22645389e-04 1.81332315e-01 5.68921821e-03 -5.39473869e-04 9.99983665e-01 -8.84765319e-01 0.00000000e+00 0.00000000e+00 0.00000000e+00 1.00000000e+00
9.99982756e-01 5.18291686e-03 -2.75760972e-03 1.48377054e-02 -5.16415494e-03 9.99963812e-01 6.76678549e-03 1.71840004e-01 2.79257730e-03 -6.75242597e-03 9.99973303e-01 -8.79414912e-01 0.00000000e+00 0.00000000e+00 0.00000000e+00 1.00000000e+00
9.99996486e-01 -1.73042617e-03 -2.03970640e-03 2.85073970e-02 1.75177380e-03 9.99943172e-01 1.05153481e-02 1.54709296e-01 2.02139050e-03 -1.05188947e-02 9.99942638e-01 -9.34814247e-01 0.00000000e+00 0.00000000e+00 0.00000000e+00 1.00000000e+00
9.99968482e-01 -7.83932290e-03 -1.22429270e-03 3.71757227e-02 7.84863317e-03 9.99938841e-01 7.78978520e-03 1.61459493e-01 1.16316716e-03 -7.79914061e-03 9.99968911e-01 -9.24290668e-01 0.00000000e+00 0.00000000e+00 0.00000000e+00 1.00000000e+00
9.99983706e-01 -5.58200040e-03 1.19839895e-03 3.39616524e-02 5.57754606e-03 9.99977635e-01 3.68652507e-03 1.58156619e-01 -1.21895230e-03 -3.67977542e-03 9.99992475e-01 -9.47750623e-01 0.00000000e+00 0.00000000e+00 0.00000000e+00 1.00000000e+00
9.99956411e-01 -8.77529687e-03 3.19617250e-03 3.80057792e-02 8.79657278e-03 9.99938847e-01 -6.70114272e-03 1.74884114e-01 -3.13717909e-03 6.72896312e-03 9.99972433e-01 -9.66563030e-01 0.00000000e+00 0.00000000e+00 0.00000000e+00 1.00000000e+00
9.99966687e-01 -7.02234841e-03 4.15140525e-03 3.51598858e-02 7.05538226e-03 9.99943199e-01 -7.99746797e-03 1.78555206e-01 -4.09500148e-03 8.02648956e-03 9.99959430e-01 -9.88619587e-01 0.00000000e+00 0.00000000e+00 0.00000000e+00 1.00000000e+00
9.99987803e-01 -9.19226361e-04 4.86310071e-03 2.98064643e-02 9.65176181e-04 9.99954850e-01 -9.45455816e-03 1.71641499e-01 -4.85420308e-03 9.45913081e-03 9.99943521e-01 -1.02084016e+00 0.00000000e+00 0.00000000e+00 0.00000000e+00 1.00000000e+00
9.99997102e-01 -1.45924150e-03 1.87790372e-03 2.87068071e-02 1.47735428e-03 9.99952038e-01 -9.68048462e-03 1.77952883e-01 -1.86367597e-03 9.68322902e-03 9.99951389e-01 -1.03259320e+00 0.00000000e+00 0.00000000e+00 0.00000000e+00 1.00000000e+00
9.99998600e-01 1.19253081e-03 1.18270590e-03 2.41860441e-02 -1.18189648e-03 9.99959207e-01 -8.95182452e-03 1.82639460e-01 -1.19334138e-03 8.95041138e-03 9.99959192e-01 -1.03654893e+00 0.00000000e+00 0.00000000e+00 0.00000000e+00 1.00000000e+00
9.99997408e-01 1.81597601e-03 1.41995083e-03 2.14311533e-02 -1.81372413e-03 9.99997039e-01 -1.58681972e-03 1.80851843e-01 -1.42282483e-03 1.58423874e-03 9.99997740e-01 -1.02993034e+00 0.00000000e+00 0.00000000e+00 0.00000000e+00 1.00000000e+00
9.99996871e-01 -1.60794073e-03 1.89652215e-03 2.65757349e-02 1.60144465e-03 9.99992943e-01 3.42262916e-03 1.90879601e-01 -1.90201246e-03 -3.41957111e-03 9.99992317e-01 -1.03125845e+00 0.00000000e+00 0.00000000e+00 0.00000000e+00 1.00000000e+00
9.99996905e-01 -3.38850317e-04 2.44961480e-03 1.13613212e-02 3.27965161e-04 9.99990082e-01 4.44267253e-03 -1.14777539e-01 -2.45109611e-03 -4.44186084e-03 9.99987103e-01 -1.12367062e+00 0.00000000e+00 0.00000000e+00 0.00000000e+00 1.00000000e+00
9.99988586e-01 -8.52785380e-06 4.77451289e-03 8.54872597e-03 -1.51950541e-05 9.99987666e-01 4.96865396e-03 -1.96512032e-01 -4.77449866e-03 -4.96866411e-03 9.99976291e-01 -1.13656083e+00 0.00000000e+00 0.00000000e+00 0.00000000e+00 1.00000000e+00
9.99983309e-01 -3.44344314e-04 5.77124829e-03 1.34744568e-02 3.15128830e-04 9.99987093e-01 5.06225762e-03 -9.05113853e-02 -5.77290507e-03 -5.06035784e-03 9.99970546e-01 -1.09085881e+00 0.00000000e+00 0.00000000e+00 0.00000000e+00 1.00000000e+00
9.99977658e-01 -1.07692538e-03 6.59422461e-03 1.07850243e-02 1.05954348e-03 9.99995985e-01 2.63894626e-03 -1.82623561e-01 -6.59705479e-03 -2.63189540e-03 9.99974732e-01 -1.11860531e+00 0.00000000e+00 0.00000000e+00 0.00000000e+00 1.00000000e+00
9.99979025e-01 -4.00885130e-05 6.47928110e-03 1.34778270e-02 6.15474382e-05 9.99994515e-01 -3.31157991e-03 -8.87781621e-02 -6.47911146e-03 3.31191475e-03 9.99973518e-01 -1.10619032e+00 0.00000000e+00 0.00000000e+00 0.00000000e+00 1.00000000e+00
9.99976957e-01 -1.30532089e-03 6.66901468e-03 1.59791745e-02 1.34100678e-03 9.99984755e-01 -5.34942119e-03 -1.55517093e-01 -6.66192824e-03 5.35822690e-03 9.99963513e-01 -1.14118752e+00 0.00000000e+00 0.00000000e+00 0.00000000e+00 1.00000000e+00
9.99977385e-01 -3.30297837e-03 5.86261172e-03 1.68999757e-02 3.32297580e-03 9.99988717e-01 -3.40443820e-03 -8.72884820e-02 -5.85131159e-03 3.42384944e-03 9.99976954e-01 -1.12278486e+00 0.00000000e+00 0.00000000e+00 0.00000000e+00 1.00000000e+00
9.99983700e-01 -2.96576817e-03 4.87860351e-03 1.33327359e-02 2.97582857e-03 9.99993433e-01 -2.05615520e-03 -1.10080704e-01 -4.87246589e-03 2.07063039e-03 9.99986000e-01 -1.14104789e+00 0.00000000e+00 0.00000000e+00 0.00000000e+00 1.00000000e+00
9.99985206e-01 -4.78827847e-03 2.55056935e-03 1.94027042e-02 4.79386335e-03 9.99986087e-01 -2.18872584e-03 -7.11136029e-02 -2.54004039e-03 2.20091982e-03 9.99994414e-01 -1.12038430e+00 0.00000000e+00 0.00000000e+00 0.00000000e+00 1.00000000e+00
9.99989798e-01 -4.31733166e-03 1.35717835e-03 1.99867177e-02 4.31944340e-03 9.99989500e-01 -1.55340472e-03 -9.10563598e-02 -1.35047432e-03 1.55925406e-03 9.99997833e-01 -1.13671912e+00 0.00000000e+00 0.00000000e+00 0.00000000e+00 1.00000000e+00
9.99997476e-01 -1.55046136e-03 1.60495852e-03 1.32312175e-02 1.55047509e-03 9.99998746e-01 -4.63250439e-06 -6.24863111e-02 -1.60493590e-03 7.11477755e-06 9.99998770e-01 -1.11425075e+00 0.00000000e+00 0.00000000e+00 0.00000000e+00 1.00000000e+00
9.99998989e-01 -3.97936051e-04 1.42160536e-03 1.34764660e-02 3.96606631e-04 9.99999486e-01 9.35613999e-04 -5.78820481e-02 -1.42199023e-03 -9.35040773e-04 9.99998467e-01 -1.10917132e+00 0.00000000e+00 0.00000000e+00 0.00000000e+00 1.00000000e+00
9.99998681e-01 -1.20246252e-03 1.00819836e-03 1.62166038e-02 1.20173189e-03 9.99999082e-01 7.20332182e-04 -6.69377899e-02 -1.00905042e-03 -7.19114855e-04 9.99999279e-01 -1.11113845e+00 0.00000000e+00 0.00000000e+00 0.00000000e+00 1.00000000e+00
9.99996930e-01 -2.36102603e-03 8.28464312e-04 1.64671525e-02 2.36077217e-03 9.99997153e-01 3.07832499e-04 -4.20008395e-02 -8.29193192e-04 -3.05875991e-04 9.99999581e-01 -1.11036944e+00 0.00000000e+00 0.00000000e+00 0.00000000e+00 1.00000000e+00
9.99991556e-01 -4.03286069e-03 7.50318595e-04 4.38484024e-02 4.03145828e-03 9.99990104e-01 1.86116885e-03 -6.20669047e-02 -7.57817844e-04 -1.85813534e-03 9.99998014e-01 -1.11259483e+00 0.00000000e+00 0.00000000e+00 0.00000000e+00 1.00000000e+00
9.99985337e-01 -5.42185753e-03 1.84820406e-04 4.01277489e-02 5.42098540e-03 9.99975363e-01 4.46926355e-03 -3.27243582e-02 -2.09055402e-04 -4.46818856e-03 9.99989968e-01 -1.11587033e+00 0.00000000e+00 0.00000000e+00 0.00000000e+00 1.00000000e+00
9.99996829e-01 -2.39108545e-03 -7.31848342e-04 4.21305005e-02 2.39193080e-03 9.99996408e-01 1.15600451e-03 -5.13466146e-02 7.29081300e-04 -1.15776383e-03 9.99999052e-01 -1.12187140e+00 0.00000000e+00 0.00000000e+00 0.00000000e+00 1.00000000e+00
9.99998197e-01 -8.86399735e-04 -1.69203210e-03 2.70950859e-02 8.80048471e-04 9.99992660e-01 -3.74727432e-03 -2.05852110e-02 1.69535103e-03 3.74578614e-03 9.99991571e-01 -1.12430217e+00 0.00000000e+00 0.00000000e+00 0.00000000e+00 1.00000000e+00
9.99998109e-01 -9.32428380e-04 -1.66908888e-03 6.07861923e-02 9.24629262e-04 9.99988612e-01 -4.66940191e-03 -3.10127137e-02 1.67342445e-03 4.66784264e-03 9.99987755e-01 -1.11065142e+00 0.00000000e+00 0.00000000e+00 0.00000000e+00 1.00000000e+00
9.99994964e-01 3.02231104e-03 -9.88300619e-04 3.53293912e-02 -3.02100784e-03 9.99994608e-01 1.31830294e-03 -2.28269636e-02 9.92270781e-04 -1.31531140e-03 9.99998599e-01 -1.11998291e+00 0.00000000e+00 0.00000000e+00 0.00000000e+00 1.00000000e+00
9.99998107e-01 8.13621019e-04 -1.80545435e-03 4.80311791e-02 -8.12290327e-04 9.99999420e-01 7.34742316e-04 -2.88953388e-02 1.80605827e-03 -7.33267908e-04 9.99998097e-01 -1.13702948e+00 0.00000000e+00 0.00000000e+00 0.00000000e+00 1.00000000e+00
9.99984753e-01 -4.04603719e-03 -3.75639277e-03 5.37986574e-02 4.04171200e-03 9.99991120e-01 -1.15613599e-03 -1.27729883e-02 3.76103898e-03 1.14093701e-03 9.99992327e-01 -1.13195450e+00 0.00000000e+00 0.00000000e+00 0.00000000e+00 1.00000000e+00
9.99973503e-01 -5.10092282e-03 -5.18979314e-03 7.72326878e-02 5.09605078e-03 9.99986547e-01 -9.51207900e-04 -1.85949240e-02 5.19457386e-03 9.24729935e-04 9.99986070e-01 -1.14134529e+00 0.00000000e+00 0.00000000e+00 0.00000000e+00 1.00000000e+00
9.99978414e-01 -3.53627114e-03 -5.54143706e-03 7.58128546e-02 3.53576559e-03 9.99993821e-01 -1.02483531e-04 -1.63017318e-02 5.54176355e-03 8.28959039e-05 9.99984657e-01 -1.11696171e+00 0.00000000e+00 0.00000000e+00 0.00000000e+00 1.00000000e+00
9.99985541e-01 -1.42800835e-03 -5.17573085e-03 9.85803179e-02 1.43093804e-03 9.99998757e-01 5.63194444e-04 -2.94735381e-02 5.17491682e-03 -5.70604425e-04 9.99986393e-01 -1.13171088e+00 0.00000000e+00 0.00000000e+00 0.00000000e+00 1.00000000e+00
9.99986263e-01 6.81833272e-04 -5.19312315e-03 6.75326153e-02 -6.75360646e-04 9.99999025e-01 1.24710382e-03 -1.56280208e-02 5.19397131e-03 -1.24357448e-03 9.99985712e-01 -1.13108142e+00 0.00000000e+00 0.00000000e+00 0.00000000e+00 1.00000000e+00
9.99987028e-01 1.83096418e-03 -4.75956532e-03 5.62370279e-02 -1.83127337e-03 9.99998290e-01 -5.95169183e-05 -1.25032947e-02 4.75944855e-03 6.82316115e-05 9.99988664e-01 -1.13895403e+00 0.00000000e+00 0.00000000e+00 0.00000000e+00 1.00000000e+00
9.99988505e-01 1.12309517e-03 -4.66741558e-03 5.69623915e-02 -1.12418885e-03 9.99999364e-01 -2.32066250e-04 -1.28239709e-02 4.66714506e-03 2.37323378e-04 9.99989113e-01 -1.14520942e+00 0.00000000e+00 0.00000000e+00 0.00000000e+00 1.00000000e+00
9.99985495e-01 1.64214682e-03 -5.13007476e-03 4.10495123e-02 -1.65014253e-03 9.99997398e-01 -1.55472816e-03 -4.21410362e-03 5.12752014e-03 1.56316163e-03 9.99985667e-01 -1.14644699e+00 0.00000000e+00 0.00000000e+00 0.00000000e+00 1.00000000e+00
9.99987729e-01 -1.01394920e-03 -4.84987687e-03 5.31375522e-02 1.01082913e-03 9.99999342e-01 -6.45294187e-04 -1.80828928e-02 4.85052803e-03 6.40382229e-04 9.99988049e-01 -1.15698565e+00 0.00000000e+00 0.00000000e+00 0.00000000e+00 1.00000000e+00
9.99987139e-01 4.24574760e-04 -5.05457015e-03 3.93408652e-02 -4.27713393e-04 9.99999682e-01 -6.21378490e-04 -9.68515358e-03 5.05430590e-03 6.23532036e-04 9.99987007e-01 -1.14454432e+00 0.00000000e+00 0.00000000e+00 0.00000000e+00 1.00000000e+00
9.99989099e-01 6.96197639e-04 -4.60866526e-03 4.60437031e-02 -6.73930639e-04 9.99988141e-01 4.83163896e-03 -1.81529936e-02 4.61197099e-03 -4.82847780e-03 9.99977709e-01 -1.14031142e+00 0.00000000e+00 0.00000000e+00 0.00000000e+00 1.00000000e+00
9.99991466e-01 5.45834065e-04 -4.09493356e-03 3.05974934e-02 -5.23791969e-04 9.99985376e-01 5.38183585e-03 -1.08404991e-02 4.09781706e-03 -5.37963519e-03 9.99977113e-01 -1.14518524e+00 0.00000000e+00 0.00000000e+00 0.00000000e+00 1.00000000e+00
9.99994910e-01 2.66075588e-04 -3.17985203e-03 3.06035547e-02 -2.61163468e-04 9.99998776e-01 1.54683802e-03 -1.48019742e-02 3.18026160e-03 -1.54601106e-03 9.99993754e-01 -1.16270871e+00 0.00000000e+00 0.00000000e+00 0.00000000e+00 1.00000000e+00
9.99995857e-01 2.70423792e-04 -2.85961645e-03 4.54077804e-02 -2.78994149e-04 9.99995420e-01 -2.99583057e-03 -1.41262769e-02 2.85878868e-03 2.99661834e-03 9.99991410e-01 -1.19409206e+00 0.00000000e+00 0.00000000e+00 0.00000000e+00 1.00000000e+00
9.99998664e-01 3.57117104e-04 -1.63524123e-03 5.62225217e-02 -3.57206010e-04 9.99999948e-01 -5.74917025e-05 -1.43777829e-02 1.63522301e-03 5.80779950e-05 9.99998689e-01 -1.21392104e+00 0.00000000e+00 0.00000000e+00 0.00000000e+00 1.00000000e+00
9.99998219e-01 -1.75178160e-03 -7.01376459e-04 4.65874741e-02 1.75217370e-03 9.99998323e-01 5.49057458e-04 -5.28225967e-03 7.00403974e-04 -5.50283808e-04 9.99999555e-01 -1.20117975e+00 0.00000000e+00 0.00000000e+00 0.00000000e+00 1.00000000e+00
9.99998933e-01 -1.38241469e-03 -4.76659181e-04 4.92656518e-02 1.38186741e-03 9.99998432e-01 -1.12884378e-03 8.33784670e-04 4.78222937e-04 1.12818462e-03 9.99999231e-01 -1.19975059e+00 0.00000000e+00 0.00000000e+00 0.00000000e+00 1.00000000e+00
9.99999366e-01 -6.40518312e-04 -8.78664495e-04 3.48046884e-02 6.40495805e-04 9.99999763e-01 -2.41949403e-05 -6.45385740e-03 8.78679143e-04 2.36364379e-05 9.99999645e-01 -1.20206790e+00 0.00000000e+00 0.00000000e+00 0.00000000e+00 1.00000000e+00
9.99999446e-01 -5.20341016e-04 -9.43182614e-04 1.33499216e-02 5.22356102e-04 9.99997562e-01 2.13712417e-03 4.51409577e-04 9.42067698e-04 -2.13762444e-03 9.99997261e-01 -1.21652824e+00 0.00000000e+00 0.00000000e+00 0.00000000e+00 1.00000000e+00
9.99998523e-01 1.67532924e-03 -3.11074022e-04 1.34361103e-02 -1.67493380e-03 9.99997850e-01 1.25629632e-03 2.43845887e-03 3.13179278e-04 -1.25576908e-03 9.99999194e-01 -1.24024759e+00 0.00000000e+00 0.00000000e+00 0.00000000e+00 1.00000000e+00
9.99992878e-01 3.78362393e-03 1.04792541e-04 4.41360488e-03 -3.78362429e-03 9.99992860e-01 1.59548432e-05 1.00818918e-02 -1.04733675e-04 -1.63503211e-05 1.00000000e+00 -1.19399459e+00 0.00000000e+00 0.00000000e+00 0.00000000e+00 1.00000000e+00
9.99998097e-01 1.90659733e-03 2.81140705e-04 6.31600752e-03 -1.90657811e-03 9.99998114e-01 -1.04387854e-04 1.26211222e-02 -2.81333717e-04 1.03853697e-04 9.99999982e-01 -1.19564235e+00 0.00000000e+00 0.00000000e+00 0.00000000e+00 1.00000000e+00
9.99999781e-01 7.14792991e-04 2.01105801e-05 8.22657783e-03 -7.14735869e-04 9.99996191e-01 -2.67539049e-03 7.99092566e-03 -2.20287318e-05 2.67536900e-03 9.99996339e-01 -1.19586790e+00 0.00000000e+00 0.00000000e+00 0.00000000e+00 1.00000000e+00
9.99996508e-01 -2.63618451e-03 -1.18260891e-04 1.52818861e-02 2.63569528e-03 9.99988529e-01 -4.00656847e-03 8.01326727e-03 1.28817516e-04 4.00624247e-03 9.99991960e-01 -1.20345893e+00 0.00000000e+00 0.00000000e+00 0.00000000e+00 1.00000000e+00
9.99997006e-01 -2.34918055e-03 -5.74478256e-04 2.32367481e-02 2.34902358e-03 9.99997178e-01 -2.64129947e-04 1.33137570e-02 5.75101930e-04 2.62773692e-04 9.99999861e-01 -1.18649141e+00 0.00000000e+00 0.00000000e+00 0.00000000e+00 1.00000000e+00
9.99999548e-01 -9.46216774e-04 -1.36924221e-04 3.01238622e-02 9.46542435e-04 9.99996845e-01 2.31725433e-03 8.07145126e-03 1.34724731e-04 -2.31737096e-03 9.99997258e-01 -1.17904914e+00 0.00000000e+00 0.00000000e+00 0.00000000e+00 1.00000000e+00
1.00000004e+00 -4.80551100e-05 1.67033426e-05 1.48088030e-02 4.80071373e-05 9.99996869e-01 2.52040648e-03 9.88419168e-03 -1.68219765e-05 -2.52040889e-03 9.99996850e-01 -1.18901754e+00 0.00000000e+00 0.00000000e+00 0.00000000e+00 1.00000000e+00
9.99997710e-01 2.09039122e-03 4.18602056e-04 1.87140694e-03 -2.09062533e-03 9.99997623e-01 5.56530751e-04 1.15000575e-02 -4.17433041e-04 -5.57404369e-04 9.99999722e-01 -1.22392519e+00 0.00000000e+00 0.00000000e+00 0.00000000e+00 1.00000000e+00
9.99998676e-01 1.60881637e-03 1.37679442e-04 1.47990719e-03 -1.60858938e-03 9.99997323e-01 -1.65525522e-03 1.44485844e-02 -1.40338204e-04 1.65502367e-03 9.99998681e-01 -1.20752222e+00 0.00000000e+00 0.00000000e+00 0.00000000e+00 1.00000000e+00
9.99999776e-01 7.24226241e-04 -1.47975327e-04 3.78358839e-03 -7.24618032e-04 9.99996057e-01 -2.71862465e-03 1.64568232e-02 1.46008462e-04 2.71874015e-03 9.99996253e-01 -1.20172928e+00 0.00000000e+00 0.00000000e+00 0.00000000e+00 1.00000000e+00
9.99999804e-01 -4.44906813e-04 -3.90426121e-04 1.02340438e-02 4.43982109e-04 9.99997128e-01 -2.34479572e-03 1.65034245e-02 3.91465543e-04 2.34461750e-03 9.99997153e-01 -1.20120712e+00 0.00000000e+00 0.00000000e+00 0.00000000e+00 1.00000000e+00
9.99998659e-01 -1.60899654e-03 -9.22971638e-05 1.79621024e-02 1.60893113e-03 9.99998495e-01 -6.60710063e-04 1.18437281e-02 9.33579821e-05 6.60556390e-04 9.99999849e-01 -1.19828703e+00 0.00000000e+00 0.00000000e+00 0.00000000e+00 1.00000000e+00
9.99999924e-01 4.99705402e-04 -7.88120950e-05 1.21174027e-02 -4.99523628e-04 9.99997709e-01 2.07969436e-03 6.37924579e-03 7.98508557e-05 -2.07964905e-03 9.99997856e-01 -1.20794201e+00 0.00000000e+00 0.00000000e+00 0.00000000e+00 1.00000000e+00
9.99998597e-01 1.66440265e-03 7.31104427e-06 1.33530670e-02 -1.66441412e-03 9.99997185e-01 1.68802054e-03 1.09179672e-02 -4.50228797e-06 -1.68803383e-03 9.99998488e-01 -1.18483578e+00 0.00000000e+00 0.00000000e+00 0.00000000e+00 1.00000000e+00
9.99998732e-01 1.61236148e-03 1.62577535e-04 2.06949292e-02 -1.61223916e-03 9.99998429e-01 -8.24173586e-04 1.90690403e-02 -1.63907886e-04 8.23915960e-04 9.99999646e-01 -1.17561116e+00 0.00000000e+00 0.00000000e+00 0.00000000e+00 1.00000000e+00
9.99998020e-01 1.96529065e-03 9.01514396e-05 1.23060780e-02 -1.96498880e-03 9.99993078e-01 -3.13787045e-03 2.01923692e-02 -9.63123313e-05 3.13768084e-03 9.99995075e-01 -1.17011093e+00 0.00000000e+00 0.00000000e+00 0.00000000e+00 1.00000000e+00
9.99998876e-01 1.51650757e-03 -6.65269394e-05 1.32226975e-02 -1.51667412e-03 9.99995586e-01 -2.56045766e-03 1.78551661e-02 6.26424216e-05 2.56056266e-03 9.99996722e-01 -1.17484784e+00 0.00000000e+00 0.00000000e+00 0.00000000e+00 1.00000000e+00
9.99999716e-01 -6.30080499e-04 -2.95912400e-04 2.08553989e-02 6.29659056e-04 9.99998869e-01 -1.39904974e-03 1.39117657e-02 2.96792543e-04 1.39886640e-03 9.99998973e-01 -1.16628662e+00 0.00000000e+00 0.00000000e+00 0.00000000e+00 1.00000000e+00
9.99997522e-01 -2.21762531e-03 -3.86552015e-04 3.06536956e-02 2.21684702e-03 9.99995521e-01 -2.01464334e-03 1.30267059e-02 3.91020635e-04 2.01376602e-03 9.99997963e-01 -1.15901950e+00 0.00000000e+00 0.00000000e+00 0.00000000e+00 1.00000000e+00
9.99996380e-01 -2.66719085e-03 -1.97383071e-04 2.36143915e-02 2.66731490e-03 9.99996223e-01 6.51889093e-04 1.34419061e-02 1.95643712e-04 -6.52413543e-04 9.99999731e-01 -1.16300183e+00 0.00000000e+00 0.00000000e+00 0.00000000e+00 1.00000000e+00
9.99996607e-01 -2.60423917e-03 -3.62348104e-04 2.65781542e-02 2.60548994e-03 9.99990437e-01 3.49039413e-03 1.45603452e-03 3.53248999e-04 -3.49131801e-03 9.99993859e-01 -1.17159863e+00 0.00000000e+00 0.00000000e+00 0.00000000e+00 1.00000000e+00
9.99998130e-01 -1.89259819e-03 -2.81937597e-04 1.98427854e-02 1.89299601e-03 9.99997231e-01 1.41440470e-03 -5.47934090e-03 2.79261998e-04 -1.41493702e-03 9.99998953e-01 -1.17031986e+00 0.00000000e+00 0.00000000e+00 0.00000000e+00 1.00000000e+00
9.99999868e-01 4.75047674e-04 1.48221201e-04 1.33040892e-02 -4.75285459e-04 9.99998574e-01 1.63907944e-03 -5.37241154e-03 -1.47442177e-04 -1.63914360e-03 9.99998638e-01 -1.16846619e+00 0.00000000e+00 0.00000000e+00 0.00000000e+00 1.00000000e+00
