9.99926876e-01 3.07921781e-03 -1.16977307e-02 -1.79913051e-02 -3.09241244e-03 9.99994605e-01 -1.10993260e-03 8.84226997e-03 1.16942493e-02 1.14602630e-03 9.99930926e-01 -2.88291935e-01 0.00000000e+00 0.00000000e+00 0.00000000e+00 1.00000000e+00
9.99974174e-01 2.06999556e-03 -6.87409415e-03 -1.19282773e-02 -2.07204898e-03 9.99997807e-01 -2.91673878e-04 7.17432521e-03 6.87347827e-03 3.05908776e-04 9.99976319e-01 -2.92924860e-01 0.00000000e+00 0.00000000e+00 0.00000000e+00 1.00000000e+00
9.99993741e-01 2.87022147e-03 -2.09520594e-03 -9.17639824e-03 -2.86747007e-03 9.99995043e-01 1.31545020e-03 5.06909597e-03 2.09896377e-03 -1.30943361e-03 9.99996999e-01 -2.98754594e-01 0.00000000e+00 0.00000000e+00 0.00000000e+00 1.00000000e+00
9.99997440e-01 1.48780987e-03 1.69531240e-03 -5.11695390e-03 -1.49089705e-03 9.99997239e-01 1.82097888e-03 4.20012040e-03 -1.69259925e-03 -1.82350120e-03 9.99996916e-01 -3.06135599e-01 0.00000000e+00 0.00000000e+00 0.00000000e+00 1.00000000e+00
9.99976109e-01 2.41011787e-03 6.46873364e-03 -1.38503105e-03 -2.41751244e-03 9.99996420e-01 1.13581585e-03 3.19906383e-03 -6.46596285e-03 -1.15142686e-03 9.99978352e-01 -3.15700102e-01 0.00000000e+00 0.00000000e+00 0.00000000e+00 1.00000000e+00
9.99924805e-01 2.19341027e-03 1.20654884e-02 9.82096574e-04 -2.21829928e-03 9.99995497e-01 2.04978721e-03 3.90919731e-03 -1.20609437e-02 -2.07639753e-03 9.99925161e-01 -3.23492755e-01 0.00000000e+00 0.00000000e+00 0.00000000e+00 1.00000000e+00
9.99870820e-01 -6.24106918e-04 1.60640678e-02 6.74909501e-03 6.24512334e-04 9.99999788e-01 -2.00340997e-05 7.05279370e-03 -1.60640534e-02 3.00628101e-05 9.99870932e-01 -3.37843921e-01 0.00000000e+00 0.00000000e+00 0.00000000e+00 1.00000000e+00
9.99807205e-01 -4.56304366e-03 1.90973742e-02 1.06891352e-02 4.57173800e-03 9.99989420e-01 -4.11830073e-04 8.82318723e-03 -1.90952969e-02 4.99060337e-04 9.99817623e-01 -3.55416719e-01 0.00000000e+00 0.00000000e+00 0.00000000e+00 1.00000000e+00
9.99802611e-01 -3.71318576e-03 1.95155450e-02 1.20849530e-02 3.69243718e-03 9.99992560e-01 1.09916413e-03 6.70486576e-03 -1.95194737e-02 -1.02688868e-03 9.99808884e-01 -3.59972787e-01 0.00000000e+00 0.00000000e+00 0.00000000e+00 1.00000000e+00
9.99798780e-01 -7.27321167e-04 2.00512010e-02 6.64578140e-03 7.17321686e-04 9.99999663e-01 5.05921631e-04 5.22956247e-03 -2.00515770e-02 -4.91436074e-04 9.99798807e-01 -3.73202245e-01 0.00000000e+00 0.00000000e+00 0.00000000e+00 1.00000000e+00
9.99779354e-01 1.51035956e-03 2.09482495e-02 3.82806704e-03 -1.49641354e-03 9.99998645e-01 -6.81443136e-04 4.14091166e-03 -2.09492363e-02 6.49944714e-04 9.99780341e-01 -3.85700771e-01 0.00000000e+00 0.00000000e+00 0.00000000e+00 1.00000000e+00
9.99797382e-01 1.49984422e-03 2.00769327e-02 6.53236449e-03 -1.48026565e-03 9.99998364e-01 -9.90048419e-04 5.57178230e-03 -2.00783669e-02 9.60129203e-04 9.99797943e-01 -3.94586004e-01 0.00000000e+00 0.00000000e+00 0.00000000e+00 1.00000000e+00
9.99833556e-01 -9.95160376e-04 1.82151129e-02 1.66512768e-02 1.00632449e-03 9.99999382e-01 -6.03711770e-04 7.55678461e-03 -1.82145250e-02 6.21941112e-04 9.99833973e-01 -4.02291904e-01 0.00000000e+00 0.00000000e+00 0.00000000e+00 1.00000000e+00
9.99872831e-01 -1.36748763e-03 1.58899250e-02 1.64506916e-02 1.38616225e-03 9.99998378e-01 -1.16428935e-03 7.89317300e-03 -1.58882728e-02 1.18616714e-03 9.99873038e-01 -4.17076830e-01 0.00000000e+00 0.00000000e+00 0.00000000e+00 1.00000000e+00
9.99902128e-01 -1.00369096e-03 1.39495910e-02 1.46833953e-02 1.00202991e-03 9.99999419e-01 1.26103586e-04 7.64741577e-03 -1.39497617e-02 -1.12112509e-04 9.99902686e-01 -4.28529123e-01 0.00000000e+00 0.00000000e+00 0.00000000e+00 1.00000000e+00
9.99922209e-01 1.03893575e-03 1.24359761e-02 8.23260269e-03 -1.04612197e-03 9.99999306e-01 5.71283950e-04 7.22955863e-03 -1.24353226e-02 -5.84249767e-04 9.99922496e-01 -4.42660525e-01 0.00000000e+00 0.00000000e+00 0.00000000e+00 1.00000000e+00
9.99942575e-01 3.19387195e-03 1.02247443e-02 2.95113346e-03 -3.21631575e-03 9.99992447e-01 2.17936873e-03 5.43507220e-03 -1.02177546e-02 -2.21212872e-03 9.99945405e-01 -4.53127665e-01 0.00000000e+00 0.00000000e+00 0.00000000e+00 1.00000000e+00
9.99967235e-01 -6.65373611e-04 8.06843416e-03 4.44514267e-03 6.48746720e-04 9.99997700e-01 2.06336438e-03 4.03554552e-03 -8.06970916e-03 -2.05806404e-03 9.99965287e-01 -4.68822133e-01 0.00000000e+00 0.00000000e+00 0.00000000e+00 1.00000000e+00
9.99971091e-01 -1.28574929e-03 7.50060752e-03 8.34128919e-03 1.27372646e-03 9.99997835e-01 1.60737969e-03 4.49454692e-03 -7.50277750e-03 -1.59777893e-03 9.99970576e-01 -4.82083113e-01 0.00000000e+00 0.00000000e+00 0.00000000e+00 1.00000000e+00
9.99965043e-01 8.09447565e-05 8.35809660e-03 3.19188989e-03 -1.03038678e-04 9.99996496e-01 2.64288402e-03 4.17082846e-03 -8.35778199e-03 -2.64364966e-03 9.99961581e-01 -5.02636441e-01 0.00000000e+00 0.00000000e+00 0.00000000e+00 1.00000000e+00
9.99962402e-01 3.38689215e-03 7.98023105e-03 -1.92348232e-03 -3.39876666e-03 9.99993144e-01 1.47509401e-03 5.07472221e-03 -7.97514652e-03 -1.50215944e-03 9.99967098e-01 -5.04841803e-01 0.00000000e+00 0.00000000e+00 0.00000000e+00 1.00000000e+00
9.99948118e-01 6.23826335e-03 8.04884108e-03 -6.79117979e-03 -6.25119002e-03 9.99979265e-01 1.58231506e-03 5.47521071e-03 -8.03893264e-03 -1.63255537e-03 9.99966328e-01 -5.25348660e-01 0.00000000e+00 0.00000000e+00 0.00000000e+00 1.00000000e+00
9.99959751e-01 6.62568787e-04 8.95029937e-03 6.49502212e-04 -6.71639497e-04 9.99999209e-01 1.00966956e-03 5.06125563e-03 -8.94954412e-03 -1.01563471e-03 9.99959470e-01 -5.36013847e-01 0.00000000e+00 0.00000000e+00 0.00000000e+00 1.00000000e+00
9.99946677e-01 -5.33515995e-03 8.84356140e-03 7.56605889e-03 5.29342348e-03 9.99974777e-01 4.73594228e-03 5.37946020e-03 -8.86860111e-03 -4.68887237e-03 9.99949585e-01 -5.49927485e-01 0.00000000e+00 0.00000000e+00 0.00000000e+00 1.00000000e+00
9.99951264e-01 -4.01521163e-03 9.02213607e-03 3.75405482e-03 3.98366907e-03 9.99985892e-01 3.51135486e-03 9.36547901e-03 -9.03613060e-03 -3.47524925e-03 9.99953193e-01 -5.60507678e-01 0.00000000e+00 0.00000000e+00 0.00000000e+00 1.00000000e+00
9.99961072e-01 1.75205696e-03 8.64858262e-03 -7.46404628e-03 -1.76458586e-03 9.99997459e-01 1.44193963e-03 1.45909068e-02 -8.64601268e-03 -1.45713832e-03 9.99961583e-01 -5.68666651e-01 0.00000000e+00 0.00000000e+00 0.00000000e+00 1.00000000e+00
9.99956379e-01 2.67521635e-03 8.94512659e-03 -9.98537904e-03 -2.69565930e-03 9.99993761e-01 2.27373017e-03 1.07658367e-02 -8.93902014e-03 -2.29774274e-03 9.99957347e-01 -5.80710989e-01 0.00000000e+00 0.00000000e+00 0.00000000e+00 1.00000000e+00
9.99965275e-01 -1.12437745e-03 8.25155909e-03 -5.14227493e-03 1.10435123e-03 9.99996436e-01 2.43094410e-03 7.14170588e-03 -8.25425391e-03 -2.42175915e-03 9.99963036e-01 -5.89561015e-01 0.00000000e+00 0.00000000e+00 0.00000000e+00 1.00000000e+00
9.99963674e-01 -2.12101061e-03 8.25591248e-03 -1.08716337e-03 2.09393835e-03 9.99992444e-01 3.28683967e-03 7.06201998e-03 -8.26284401e-03 -3.26942888e-03 9.99960551e-01 -6.06856395e-01 0.00000000e+00 0.00000000e+00 0.00000000e+00 1.00000000e+00
9.99966556e-01 -5.30010344e-04 8.16918539e-03 -4.85152631e-03 4.89366022e-04 9.99987476e-01 4.97598411e-03 4.51697787e-03 -8.17170122e-03 -4.97182033e-03 9.99954163e-01 -6.16023458e-01 0.00000000e+00 0.00000000e+00 0.00000000e+00 1.00000000e+00
9.99980786e-01 -6.67462182e-04 6.16221517e-03 -3.16924954e-03 6.22215645e-04 9.99972862e-01 7.34275097e-03 -1.70291867e-03 -6.16696068e-03 -7.33876716e-03 9.99954094e-01 -6.30275565e-01 0.00000000e+00 0.00000000e+00 0.00000000e+00 1.00000000e+00
9.99988090e-01 -2.03293218e-03 4.43633835e-03 -3.22082576e-03 1.99651158e-03 9.99964406e-01 8.19809845e-03 -9.10274338e-03 -4.45285080e-03 -8.18914711e-03 9.99956546e-01 -6.42639200e-01 0.00000000e+00 0.00000000e+00 0.00000000e+00 1.00000000e+00
9.99987594e-01 -2.60039064e-03 4.24945463e-03 -1.31550092e-03 2.56427144e-03 9.99960658e-01 8.48349147e-03 -6.43965612e-03 -4.27139530e-03 -8.47247362e-03 9.99955054e-01 -6.56354427e-01 0.00000000e+00 0.00000000e+00 0.00000000e+00 1.00000000e+00
9.99983888e-01 -3.54886421e-03 4.43367291e-03 -1.00879416e-03 3.50874798e-03 9.99953204e-01 9.02455231e-03 -8.51303794e-03 -4.46537715e-03 -9.00887052e-03 9.99949350e-01 -6.69090642e-01 0.00000000e+00 0.00000000e+00 0.00000000e+00 1.00000000e+00
9.99986436e-01 -2.68194231e-03 4.45213109e-03 -9.04984025e-04 2.65020534e-03 9.99971126e-01 7.11840689e-03 -4.14594680e-03 -4.47107179e-03 -7.10649823e-03 9.99964819e-01 -6.83381412e-01 0.00000000e+00 0.00000000e+00 0.00000000e+00 1.00000000e+00
9.99974928e-01 -4.53416530e-03 5.44431623e-03 8.54950626e-03 4.49928814e-03 9.99969381e-01 6.40239970e-03 -1.32179097e-03 -5.47324536e-03 -6.37774255e-03 9.99964665e-01 -7.12618451e-01 0.00000000e+00 0.00000000e+00 0.00000000e+00 1.00000000e+00
9.99981978e-01 -3.05054106e-03 5.17086803e-03 1.03017794e-02 3.01927426e-03 9.99977172e-01 6.04259081e-03 1.97749547e-03 -5.18920191e-03 -6.02686620e-03 9.99968413e-01 -6.90106023e-01 0.00000000e+00 0.00000000e+00 0.00000000e+00 1.00000000e+00
9.99977125e-01 -4.17721077e-03 5.32288758e-03 1.26051687e-02 4.14886362e-03 9.99977202e-01 5.32712160e-03 1.67302015e-03 -5.34503662e-03 -5.30490913e-03 9.99971603e-01 -7.19983287e-01 0.00000000e+00 0.00000000e+00 0.00000000e+00 1.00000000e+00
9.99977703e-01 -3.97579134e-03 5.35574508e-03 1.11448410e-02 3.95739333e-03 9.99986220e-01 3.44092676e-03 8.32994615e-04 -5.36933915e-03 -3.41961580e-03 9.99979751e-01 -7.36743361e-01 0.00000000e+00 0.00000000e+00 0.00000000e+00 1.00000000e+00
9.99983590e-01 -2.10130644e-03 5.34113722e-03 8.86030456e-03 2.09423648e-03 9.99996917e-01 1.32795941e-03 2.48244492e-03 -5.34392636e-03 -1.31678903e-03 9.99984841e-01 -7.47673130e-01 0.00000000e+00 0.00000000e+00 0.00000000e+00 1.00000000e+00
9.99978719e-01 6.48930807e-05 6.52721097e-03 2.58704678e-03 -6.12429983e-05 9.99999868e-01 -5.56295469e-04 6.29160246e-03 -6.52718832e-03 5.55880025e-04 9.99978501e-01 -7.62185492e-01 0.00000000e+00 0.00000000e+00 0.00000000e+00 1.00000000e+00
9.99977501e-01 8.25702427e-05 6.70366609e-03 2.31437609e-03 -7.29273090e-05 9.99999008e-01 -1.44211277e-03 6.45918443e-03 -6.70370769e-03 1.44156996e-03 9.99976529e-01 -7.70965916e-01 0.00000000e+00 0.00000000e+00 0.00000000e+00 1.00000000e+00
9.99973106e-01 6.97151504e-04 7.29384421e-03 2.23828735e-03 -6.83981787e-04 9.99998108e-01 -1.80505500e-03 6.41410508e-03 -7.29512730e-03 1.80007533e-03 9.99971776e-01 -7.88193949e-01 0.00000000e+00 0.00000000e+00 0.00000000e+00 1.00000000e+00
9.99960976e-01 3.39700449e-04 8.83532665e-03 7.11891946e-04 -3.17983458e-04 9.99996906e-01 -2.46119941e-03 9.26388950e-03 -8.83611773e-03 2.45823720e-03 9.99957965e-01 -7.94294179e-01 0.00000000e+00 0.00000000e+00 0.00000000e+00 1.00000000e+00
9.99958435e-01 2.07534772e-04 9.10399141e-03 1.45965805e-02 -1.57161757e-04 9.99984651e-01 -5.53284691e-03 1.97532993e-02 -9.10506919e-03 5.53121218e-03 9.99943250e-01 -8.21810900e-01 0.00000000e+00 0.00000000e+00 0.00000000e+00 1.00000000e+00
9.99956666e-01 -1.65957776e-03 9.16655715e-03 1.18723567e-02 1.70796504e-03 9.99984644e-01 -5.27409527e-03 1.82028207e-02 -9.15768413e-03 5.28951856e-03 9.99944101e-01 -8.07807273e-01 0.00000000e+00 0.00000000e+00 0.00000000e+00 1.00000000e+00
9.99951762e-01 -2.52490134e-03 9.48772558e-03 1.60932959e-02 2.55994111e-03 9.99989989e-01 -3.68268129e-03 2.17121916e-02 -9.47834682e-03 3.70677981e-03 9.99948146e-01 -8.28072620e-01 0.00000000e+00 0.00000000e+00 0.00000000e+00 1.00000000e+00
9.99952982e-01 -7.04399074e-04 9.67758775e-03 8.91283123e-03 7.18751608e-04 9.99998642e-01 -1.47902217e-03 1.55859175e-02 -9.67646816e-03 1.48590696e-03 9.99952078e-01 -8.32027896e-01 0.00000000e+00 0.00000000e+00 0.00000000e+00 1.00000000e+00
9.99950101e-01 4.61497515e-04 9.98145683e-03 8.74368708e-03 -4.57306097e-04 9.99999785e-01 -4.21967464e-04 1.37519005e-02 -9.98171802e-03 4.17387168e-04 9.99950095e-01 -8.43336007e-01 0.00000000e+00 0.00000000e+00 0.00000000e+00 1.00000000e+00
9.99955086e-01 2.67679185e-04 9.46753185e-03 5.78261166e-03 -2.61414021e-04 9.99999781e-01 -6.64146590e-04 1.11913647e-02 -9.46765320e-03 6.61642101e-04 9.99954983e-01 -8.50866068e-01 0.00000000e+00 0.00000000e+00 0.00000000e+00 1.00000000e+00
9.99955216e-01 -7.44536996e-04 9.44033871e-03 8.83318367e-03 7.59283967e-04 9.99998432e-01 -1.55732427e-03 1.37389771e-02 -9.43912424e-03 1.56442322e-03 9.99954246e-01 -8.64119129e-01 0.00000000e+00 0.00000000e+00 0.00000000e+00 1.00000000e+00
9.99959351e-01 2.05465004e-03 8.77249794e-03 2.55948261e-03 -2.03829676e-03 9.99996206e-01 -1.87366441e-03 1.28733000e-02 -8.77632840e-03 1.85570113e-03 9.99959676e-01 -8.71238882e-01 0.00000000e+00 0.00000000e+00 0.00000000e+00 1.00000000e+00
9.99958986e-01 1.27479404e-03 8.96727118e-03 2.79080198e-03 -1.24252126e-03 9.99992746e-01 -3.60245833e-03 1.37102912e-02 -8.97179913e-03 3.59118415e-03 9.99953417e-01 -8.88235110e-01 0.00000000e+00 0.00000000e+00 0.00000000e+00 1.00000000e+00
9.99964566e-01 1.41247519e-04 8.41779968e-03 4.00374068e-03 -9.60966634e-05 9.99985628e-01 -5.36494396e-03 1.36325976e-02 -8.41852037e-03 5.36392260e-03 9.99950088e-01 -8.98824120e-01 0.00000000e+00 0.00000000e+00 0.00000000e+00 1.00000000e+00
9.99962439e-01 1.84641429e-03 8.47052350e-03 1.56284985e-03 -1.81145751e-03 9.99989762e-01 -4.13352564e-03 1.67925260e-02 -8.47806010e-03 4.11803448e-03 9.99955628e-01 -9.08354103e-01 0.00000000e+00 0.00000000e+00 0.00000000e+00 1.00000000e+00
9.99964408e-01 1.66789078e-03 8.27147172e-03 2.76798369e-04 -1.65351570e-03 9.99997089e-01 -1.74348505e-03 1.46571502e-02 -8.27437027e-03 1.72975089e-03 9.99964247e-01 -9.18338622e-01 0.00000000e+00 0.00000000e+00 0.00000000e+00 1.00000000e+00
9.99974256e-01 1.55491370e-03 7.00702842e-03 5.12837166e-04 -1.55059467e-03 9.99998677e-01 -6.22353877e-04 1.02494400e-02 -7.00794361e-03 6.11466628e-04 9.99975301e-01 -9.28686839e-01 0.00000000e+00 0.00000000e+00 0.00000000e+00 1.00000000e+00
9.99976927e-01 1.35631497e-04 6.77789901e-03 2.51223116e-03 -1.24912500e-04 9.99998692e-01 -1.58263988e-03 1.06959517e-02 -6.77810115e-03 1.58175949e-03 9.99975753e-01 -9.41995383e-01 0.00000000e+00 0.00000000e+00 0.00000000e+00 1.00000000e+00
9.99979136e-01 1.90789466e-03 6.18425092e-03 -9.37147625e-04 -1.89862282e-03 9.99997137e-01 -1.50349838e-03 1.19017926e-02 -6.18710360e-03 1.49171895e-03 9.99979706e-01 -9.54822341e-01 0.00000000e+00 0.00000000e+00 0.00000000e+00 1.00000000e+00
9.99983645e-01 1.48020786e-03 5.52332968e-03 -6.66736987e-04 -1.48013790e-03 9.99998820e-01 -1.71737102e-05 1.25279919e-02 -5.52329714e-03 8.99835431e-06 9.99984759e-01 -9.69213456e-01 0.00000000e+00 0.00000000e+00 0.00000000e+00 1.00000000e+00
9.99990095e-01 7.26707497e-04 4.38068455e-03 -5.00966776e-04 -7.29876045e-04 9.99999552e-01 7.21222352e-04 1.03857763e-02 -4.38017847e-03 -7.24413829e-04 9.99990149e-01 -9.74525981e-01 0.00000000e+00 0.00000000e+00 0.00000000e+00 1.00000000e+00
9.99995772e-01 -5.39723163e-04 2.86349226e-03 -6.97415658e-03 5.37879047e-04 9.99999654e-01 6.45613800e-04 1.19846992e-02 -2.86383367e-03 -6.44067381e-04 9.99995709e-01 -1.00729410e+00 0.00000000e+00 0.00000000e+00 0.00000000e+00 1.00000000e+00
9.99999555e-01 4.04598368e-04 9.00895821e-04 -1.13102207e-02 -4.03574732e-04 9.99999215e-01 -1.13020289e-03 1.37864036e-02 -9.01350552e-04 1.12984403e-03 9.99998985e-01 -1.02444604e+00 0.00000000e+00 0.00000000e+00 0.00000000e+00 1.00000000e+00
9.99999862e-01 3.61840362e-04 2.32357156e-04 -1.42586814e-02 -3.61484647e-04 9.99998715e-01 -1.54898139e-03 1.70366527e-02 -2.32932310e-04 1.54889831e-03 9.99998698e-01 -1.03022700e+00 0.00000000e+00 0.00000000e+00 0.00000000e+00 1.00000000e+00
9.99998659e-01 1.60112634e-03 4.53752250e-04 -1.19704405e-02 -1.60085861e-03 9.99998557e-01 -5.89187095e-04 1.56604527e-02 -4.54714982e-04 5.88458527e-04 9.99999787e-01 -1.04314671e+00 0.00000000e+00 0.00000000e+00 0.00000000e+00 1.00000000e+00
9.99997397e-01 1.86124366e-03 1.30056422e-03 -4.36749147e-03 -1.86186966e-03 9.99998196e-01 4.76555392e-04 1.36795493e-02 -1.29964552e-03 -4.78984972e-04 9.99999000e-01 -1.05454992e+00 0.00000000e+00 0.00000000e+00 0.00000000e+00 1.00000000e+00
9.99994376e-01 2.57021324e-03 2.17187068e-03 -2.52708767e-03 -2.57181682e-03 9.99996384e-01 7.37891096e-04 1.33013469e-02 -2.16989928e-03 -7.43461910e-04 9.99997410e-01 -1.06399742e+00 0.00000000e+00 0.00000000e+00 0.00000000e+00 1.00000000e+00
9.99993704e-01 1.58629494e-03 3.16721889e-03 -2.13304580e-03 -1.58121543e-03 9.99997477e-01 -1.60784828e-03 1.49005504e-02 -3.16991310e-03 1.60282624e-03 9.99993648e-01 -1.06961894e+00 0.00000000e+00 0.00000000e+00 0.00000000e+00 1.00000000e+00
9.99990582e-01 1.25860749e-03 4.14123865e-03 -1.42084779e-03 -1.24126621e-03 9.99990439e-01 -4.18596465e-03 1.90067306e-02 -4.14643306e-03 4.18077949e-03 9.99982679e-01 -1.07132257e+00 0.00000000e+00 0.00000000e+00 0.00000000e+00 1.00000000e+00
9.99980756e-01 2.77215183e-03 5.54580651e-03 -3.98933778e-03 -2.75018974e-03 9.99988384e-01 -3.96506836e-03 2.16702247e-02 -5.55674107e-03 3.94973549e-03 9.99976764e-01 -1.06884704e+00 0.00000000e+00 0.00000000e+00 0.00000000e+00 1.00000000e+00
9.99970493e-01 1.13962195e-03 7.60822311e-03 -2.60920961e-03 -1.12228777e-03 9.99996793e-01 -2.28109195e-03 2.32375999e-02 -7.61075193e-03 2.27249610e-03 9.99968448e-01 -1.06755711e+00 0.00000000e+00 0.00000000e+00 0.00000000e+00 1.00000000e+00
9.99946130e-01 2.52272063e-03 1.00694971e-02 -3.44030460e-03 -2.54822605e-03 9.99993512e-01 2.52064512e-03 1.92417123e-02 -1.00631231e-02 -2.54616988e-03 9.99946115e-01 -1.06478294e+00 0.00000000e+00 0.00000000e+00 0.00000000e+00 1.00000000e+00
9.99930603e-01 2.45983857e-03 1.15185656e-02 -1.12874677e-03 -2.50148987e-03 9.99990460e-01 3.60265047e-03 1.54849665e-02 -1.15095664e-02 -3.63121816e-03 9.99927192e-01 -1.07617703e+00 0.00000000e+00 0.00000000e+00 0.00000000e+00 1.00000000e+00
9.99934005e-01 6.59241228e-04 1.14683615e-02 1.06724477e-02 -6.58347323e-04 9.99999704e-01 -8.16121422e-05 1.10102556e-02 -1.14683144e-02 7.40685761e-05 9.99934246e-01 -1.07606630e+00 0.00000000e+00 0.00000000e+00 0.00000000e+00 1.00000000e+00
9.99942283e-01 -7.91224841e-04 1.07100323e-02 1.82298097e-02 8.44883152e-04 9.99987114e-01 -5.00690366e-03 1.23905771e-02 -1.07060445e-02 5.01566055e-03 9.99930071e-01 -1.07904212e+00 0.00000000e+00 0.00000000e+00 0.00000000e+00 1.00000000e+00
9.99951252e-01 -2.86827009e-03 9.45454312e-03 1.15478484e-02 2.91751700e-03 9.99982252e-01 -5.19926159e-03 1.95695982e-02 -9.43940059e-03 5.22658529e-03 9.99941821e-01 -1.07470066e+00 0.00000000e+00 0.00000000e+00 0.00000000e+00 1.00000000e+00
9.99971068e-01 -1.08192344e-03 7.53154741e-03 2.43459024e-02 1.07248758e-03 9.99998692e-01 1.25743569e-03 1.58334364e-02 -7.53294478e-03 -1.24932253e-03 9.99970806e-01 -1.06568681e+00 0.00000000e+00 0.00000000e+00 0.00000000e+00 1.00000000e+00
9.99979969e-01 -1.78493968e-04 6.31762230e-03 1.45857073e-02 1.44937733e-04 9.99985841e-01 5.31064373e-03 1.60090473e-02 -6.31849171e-03 -5.30962212e-03 9.99965954e-01 -1.06150672e+00 0.00000000e+00 0.00000000e+00 0.00000000e+00 1.00000000e+00
9.99983768e-01 -2.54104910e-03 5.10581068e-03 1.79100296e-02 2.50381356e-03 9.99970352e-01 7.28666989e-03 1.13955180e-02 -5.12424234e-03 -7.27376483e-03 9.99960446e-01 -1.05862044e+00 0.00000000e+00 0.00000000e+00 0.00000000e+00 1.00000000e+00
9.99982874e-01 3.22741654e-04 5.85510372e-03 9.35466901e-03 -3.25330980e-04 9.99999776e-01 4.42675048e-04 1.17266019e-02 -5.85489772e-03 -4.44572963e-04 9.99982730e-01 -1.06748491e+00 0.00000000e+00 0.00000000e+00 0.00000000e+00 1.00000000e+00
9.99981856e-01 8.41069426e-04 5.95263467e-03 1.05778688e-02 -8.26379507e-04 9.99996622e-01 -2.46928818e-03 1.77546894e-02 -5.95456248e-03 2.46433049e-03 9.99979262e-01 -1.07091370e+00 0.00000000e+00 0.00000000e+00 0.00000000e+00 1.00000000e+00
9.99984742e-01 2.14064688e-04 5.52451193e-03 8.49601688e-03 -1.80813429e-04 9.99981906e-01 -6.02003618e-03 2.00862365e-02 -5.52581690e-03 6.01894154e-03 9.99966574e-01 -1.07641811e+00 0.00000000e+00 0.00000000e+00 0.00000000e+00 1.00000000e+00
9.99986256e-01 3.50059807e-05 5.23930899e-03 7.31119401e-03 -1.95111808e-05 9.99995650e-01 -2.95748024e-03 1.56236500e-02 -5.23933055e-03 2.95733756e-03 9.99981933e-01 -1.07570513e+00 0.00000000e+00 0.00000000e+00 0.00000000e+00 1.00000000e+00
9.99985902e-01 -8.37197118e-04 5.24457056e-03 7.49588726e-03 8.34415805e-04 9.99999452e-01 5.32193242e-04 7.74958984e-03 -5.24500274e-03 -5.27813722e-04 9.99986074e-01 -1.07570931e+00 0.00000000e+00 0.00000000e+00 0.00000000e+00 1.00000000e+00
9.99982551e-01 9.17411530e-05 5.90672210e-03 4.45831849e-03 -1.02680524e-04 9.99998327e-01 1.85260159e-03 1.01405293e-02 -5.90665217e-03 -1.85316874e-03 9.99980899e-01 -1.07878802e+00 0.00000000e+00 0.00000000e+00 0.00000000e+00 1.00000000e+00
9.99976842e-01 1.25195339e-03 6.68910612e-03 1.03068445e-02 -1.26941078e-03 9.99995773e-01 2.60635702e-03 5.43675683e-03 -6.68573701e-03 -2.61478667e-03 9.99974233e-01 -1.07348233e+00 0.00000000e+00 0.00000000e+00 0.00000000e+00 1.00000000e+00
9.99973360e-01 1.16239556e-03 7.20486369e-03 9.79233788e-03 -1.16794934e-03 9.99998971e-01 7.67401294e-04 7.90167085e-03 -7.20397310e-03 -7.75797170e-04 9.99973785e-01 -1.08525661e+00 0.00000000e+00 0.00000000e+00 0.00000000e+00 1.00000000e+00
9.99973120e-01 5.52898917e-04 7.31762501e-03 1.59761411e-02 -5.45567198e-04 9.99999410e-01 -1.00480341e-03 1.39460705e-02 -7.31826078e-03 1.00077826e-03 9.99972653e-01 -1.07329575e+00 0.00000000e+00 0.00000000e+00 0.00000000e+00 1.00000000e+00
9.99968054e-01 -6.45225194e-05 7.98591705e-03 1.09615859e-02 6.98495133e-05 9.99999730e-01 -6.66340670e-04 2.01556230e-02 -7.98585674e-03 6.66881374e-04 9.99967904e-01 -1.08195240e+00 0.00000000e+00 0.00000000e+00 0.00000000e+00 1.00000000e+00
9.99963123e-01 5.88131879e-04 8.57386851e-03 1.36768735e-02 -5.99521883e-04 9.99999010e-01 1.32522438e-03 1.86562497e-02 -8.57299021e-03 -1.33032262e-03 9.99962384e-01 -1.08463875e+00 0.00000000e+00 0.00000000e+00 0.00000000e+00 1.00000000e+00
9.99961615e-01 1.01943583e-03 8.69723493e-03 9.22048929e-03 -1.03024494e-03 9.99998691e-01 1.23856763e-03 1.63400608e-02 -8.69606540e-03 -1.24747629e-03 9.99961444e-01 -1.09065224e+00 0.00000000e+00 0.00000000e+00 0.00000000e+00 1.00000000e+00
9.99960874e-01 6.20217144e-04 8.82886480e-03 1.00547319e-02 -6.27647808e-04 9.99999377e-01 8.38880486e-04 1.62090779e-02 -8.82832126e-03 -8.44394485e-04 9.99960647e-01 -1.09230797e+00 0.00000000e+00 0.00000000e+00 0.00000000e+00 1.00000000e+00
9.99960662e-01 8.43599337e-04 8.82459192e-03 8.10410354e-03 -8.53617361e-04 9.99999008e-01 1.13140904e-03 1.68247294e-02 -8.82361915e-03 -1.13888656e-03 9.99960421e-01 -1.09522780e+00 0.00000000e+00 0.00000000e+00 0.00000000e+00 1.00000000e+00
9.99954637e-01 1.22070482e-03 9.45046544e-03 7.52759455e-03 -1.23647870e-03 9.99997877e-01 1.66304950e-03 1.56092360e-02 -9.44833616e-03 -1.67466280e-03 9.99953921e-01 -1.11235076e+00 0.00000000e+00 0.00000000e+00 0.00000000e+00 1.00000000e+00
9.99954996e-01 1.19774946e-03 9.41421375e-03 6.04180804e-03 -1.19477323e-03 9.99999219e-01 -3.21507667e-04 1.54476494e-02 -9.41463365e-03 3.10240190e-04 9.99955659e-01 -1.10867566e+00 0.00000000e+00 0.00000000e+00 0.00000000e+00 1.00000000e+00
9.99954990e-01 1.37491638e-03 9.38209649e-03 5.49606716e-03 -1.36514705e-03 9.99998534e-01 -1.04758213e-03 1.80447354e-02 -9.38351195e-03 1.03472840e-03 9.99955430e-01 -1.09555863e+00 0.00000000e+00 0.00000000e+00 0.00000000e+00 1.00000000e+00
9.99953884e-01 7.89368472e-04 9.57293757e-03 1.89965208e-02 -7.80648175e-04 9.99999292e-01 -9.14368959e-04 2.42771582e-02 -9.57371063e-03 9.06857586e-04 9.99953757e-01 -1.11337964e+00 0.00000000e+00 0.00000000e+00 0.00000000e+00 1.00000000e+00
9.99954052e-01 1.78378398e-03 9.41735407e-03 1.67936453e-02 -1.79250764e-03 9.99997953e-01 9.18209308e-04 2.28679925e-02 -9.41562630e-03 -9.35055844e-04 9.99955252e-01 -1.11584700e+00 0.00000000e+00 0.00000000e+00 0.00000000e+00 1.00000000e+00
9.99954550e-01 5.09287354e-04 9.51920573e-03 2.36266277e-02 -5.26819551e-04 9.99998220e-01 1.83839922e-03 2.75949446e-02 -9.51833557e-03 -1.84332028e-03 9.99953014e-01 -1.12550998e+00 0.00000000e+00 0.00000000e+00 0.00000000e+00 1.00000000e+00
9.99960913e-01 -1.06680219e-03 8.78035693e-03 1.80976822e-02 1.06524472e-03 9.99999369e-01 1.82628889e-04 2.30505248e-02 -8.78044489e-03 -1.73271136e-04 9.99961419e-01 -1.12973388e+00 0.00000000e+00 0.00000000e+00 0.00000000e+00 1.00000000e+00
9.99969312e-01 -1.87701212e-04 7.83564586e-03 2.23125016e-02 1.95693743e-04 9.99999504e-01 -1.01966298e-03 2.79262549e-02 -7.83553596e-03 1.02116273e-03 9.99968796e-01 -1.14030271e+00 0.00000000e+00 0.00000000e+00 0.00000000e+00 1.00000000e+00
9.99974238e-01 -8.61573435e-04 7.12188477e-03 1.07594851e-02 8.61024025e-04 9.99999588e-01 8.09214421e-05 2.91663458e-02 -7.12183576e-03 -7.47825118e-05 9.99974616e-01 -1.13928812e+00 0.00000000e+00 0.00000000e+00 0.00000000e+00 1.00000000e+00
9.99975991e-01 3.76187855e-04 6.91967935e-03 1.20490167e-02 -3.83898275e-04 9.99999269e-01 1.11273466e-03 3.09235958e-02 -6.91937048e-03 -1.11536314e-03 9.99975453e-01 -1.14299049e+00 0.00000000e+00 0.00000000e+00 0.00000000e+00 1.00000000e+00
9.99973168e-01 -3.66392177e-04 7.31443881e-03 9.78128099e-03 3.46509755e-04 9.99996315e-01 2.71915032e-03 2.51889923e-02 -7.31532514e-03 -2.71655378e-03 9.99969530e-01 -1.14607497e+00 0.00000000e+00 0.00000000e+00 0.00000000e+00 1.00000000e+00
9.99974950e-01 6.61892319e-04 7.05518315e-03 8.71572156e-03 -6.81791029e-04 9.99995805e-01 2.81850011e-03 2.31936550e-02 -7.05330070e-03 -2.82323728e-03 9.99971113e-01 -1.15137559e+00 0.00000000e+00 0.00000000e+00 0.00000000e+00 1.00000000e+00
9.99975239e-01 -7.65587096e-05 7.02537982e-03 1.22066909e-02 6.80073445e-05 9.99999216e-01 1.21714204e-03 2.06510820e-02 -7.02550806e-03 -1.21662925e-03 9.99974553e-01 -1.15840512e+00 0.00000000e+00 0.00000000e+00 0.00000000e+00 1.00000000e+00
9.99976683e-01 4.49385633e-04 6.80792812e-03 1.73788659e-02 -4.38668250e-04 9.99998704e-01 -1.57559508e-03 1.98089836e-02 -6.80860600e-03 1.57256776e-03 9.99975635e-01 -1.16413392e+00 0.00000000e+00 0.00000000e+00 0.00000000e+00 1.00000000e+00
9.99975338e-01 7.67605335e-04 6.99564203e-03 7.12380227e-03 -7.60384294e-04 9.99999173e-01 -1.03449893e-03 2.93541420e-02 -6.99636877e-03 1.02916279e-03 9.99975000e-01 -1.16899838e+00 0.00000000e+00 0.00000000e+00 0.00000000e+00 1.00000000e+00
9.99975420e-01 1.37460088e-03 6.86603221e-03 5.41054670e-03 -1.37713784e-03 9.99998943e-01 3.65005869e-04 2.11745688e-02 -6.86569392e-03 -3.74456283e-04 9.99976348e-01 -1.17009252e+00 0.00000000e+00 0.00000000e+00 0.00000000e+00 1.00000000e+00
9.99977985e-01 1.10761361e-03 6.53829196e-03 5.97960870e-03 -1.10924360e-03 9.99999345e-01 2.45446314e-04 2.05704408e-02 -6.53785109e-03 -2.52691176e-04 9.99978608e-01 -1.17022243e+00 0.00000000e+00 0.00000000e+00 0.00000000e+00 1.00000000e+00
9.99981199e-01 1.40017047e-03 5.97343161e-03 4.13893421e-03 -1.40136271e-03 9.99999059e-01 1.94678962e-04 1.96371627e-02 -5.97320801e-03 -2.03057265e-04 9.99982140e-01 -1.18434082e+00 0.00000000e+00 0.00000000e+00 0.00000000e+00 1.00000000e+00
9.99986269e-01 1.14405809e-03 5.12310015e-03 3.14243799e-03 -1.14294062e-03 9.99999315e-01 -2.18800148e-04 1.80646405e-02 -5.12333748e-03 2.12946498e-04 9.99986896e-01 -1.19018095e+00 0.00000000e+00 0.00000000e+00 0.00000000e+00 1.00000000e+00
9.99982742e-01 2.79272070e-03 5.16366276e-03 7.74083241e-04 -2.79466086e-03 9.99995975e-01 3.67196761e-04 1.81784782e-02 -5.16270778e-03 -3.81613097e-04 9.99986582e-01 -1.19124475e+00 0.00000000e+00 0.00000000e+00 0.00000000e+00 1.00000000e+00
9.99978155e-01 3.64451244e-03 5.52631466e-03 4.32215981e-03 -3.66171632e-03 9.99988464e-01 3.10638013e-03 2.09805934e-02 -5.51486842e-03 -3.12655785e-03 9.99979839e-01 -1.19382720e+00 0.00000000e+00 0.00000000e+00 0.00000000e+00 1.00000000e+00
9.99968674e-01 4.63382984e-03 6.40667951e-03 1.31109958e-03 -4.64918627e-03 9.99986419e-01 2.38435178e-03 2.33562039e-02 -6.39551210e-03 -2.41406658e-03 9.99976649e-01 -1.20412063e+00 0.00000000e+00 0.00000000e+00 0.00000000e+00 1.00000000e+00
9.99950729e-01 5.65180643e-03 8.16041595e-03 -2.15138221e-03 -5.65463033e-03 9.99983918e-01 3.21805503e-04 2.63111763e-02 -8.15848361e-03 -3.67925339e-04 9.99966662e-01 -1.20156362e+00 0.00000000e+00 0.00000000e+00 0.00000000e+00 1.00000000e+00
9.99930249e-01 5.13765772e-03 1.06351191e-02 -2.18360859e-03 -5.13866143e-03 9.99986744e-01 6.66461204e-05 2.38663126e-02 -1.06346811e-02 -1.21285598e-04 9.99943480e-01 -1.20862608e+00 0.00000000e+00 0.00000000e+00 0.00000000e+00 1.00000000e+00
9.99925466e-01 3.98290729e-03 1.15408497e-02 -1.51137321e-03 -3.97010153e-03 9.99991531e-01 -1.13166061e-03 2.39810449e-02 -1.15452730e-02 1.08574501e-03 9.99932699e-01 -1.21697937e+00 0.00000000e+00 0.00000000e+00 0.00000000e+00 1.00000000e+00
9.99935901e-01 9.59606653e-04 1.12815770e-02 3.67828299e-03 -9.25967624e-04 9.99995156e-01 -2.98702814e-03 2.60694857e-02 -1.12844678e-02 2.97639317e-03 9.99931953e-01 -1.22230144e+00 0.00000000e+00 0.00000000e+00 0.00000000e+00 1.00000000e+00
9.99934259e-01 1.85974548e-04 1.14681389e-02 5.49772694e-03 -1.77932302e-04 9.99999678e-01 -7.02731349e-04 2.54529927e-02 -1.14681815e-02 7.00640219e-04 9.99933982e-01 -1.22459032e+00 0.00000000e+00 0.00000000e+00 0.00000000e+00 1.00000000e+00
9.99927905e-01 -2.55280989e-04 1.20000954e-02 6.48802640e-03 2.23927926e-04 9.99996587e-01 2.61468603e-03 2.00755081e-02 -1.20006815e-02 -2.61180714e-03 9.99924531e-01 -1.22635009e+00 0.00000000e+00 0.00000000e+00 0.00000000e+00 1.00000000e+00
9.99922713e-01 1.32405091e-03 1.23662898e-02 3.56160101e-03 -1.33926574e-03 9.99998330e-01 1.22210813e-03 1.92103062e-02 -1.23646134e-02 -1.23857314e-03 9.99922859e-01 -1.23011115e+00 0.00000000e+00 0.00000000e+00 0.00000000e+00 1.00000000e+00
9.99925811e-01 8.71134074e-04 1.21497332e-02 2.43576928e-03 -8.88491721e-04 9.99998580e-01 1.42291268e-03 2.12884895e-02 -1.21484781e-02 -1.43360859e-03 9.99925125e-01 -1.23488056e+00 0.00000000e+00 0.00000000e+00 0.00000000e+00 1.00000000e+00
9.99919102e-01 3.22433839e-03 1.22994323e-02 -3.44832254e-03 -3.20956938e-03 9.99994133e-01 -1.22022325e-03 2.51774799e-02 -1.23032857e-02 1.18064964e-03 9.99923608e-01 -1.23732631e+00 0.00000000e+00 0.00000000e+00 0.00000000e+00 1.00000000e+00
9.99918577e-01 2.13194101e-03 1.25833203e-02 -3.18796773e-03 -2.11363246e-03 9.99996703e-01 -1.46817378e-03 2.79216044e-02 -1.25864435e-02 1.44146278e-03 9.99919773e-01 -1.24346219e+00 0.00000000e+00 0.00000000e+00 0.00000000e+00 1.00000000e+00
9.99921940e-01 8.97822626e-04 1.24645057e-02 1.24684752e-04 -8.93422711e-04 9.99999524e-01 -3.58314933e-04 2.37713504e-02 -1.24648576e-02 3.47152243e-04 9.99922222e-01 -1.24533070e+00 0.00000000e+00 0.00000000e+00 0.00000000e+00 1.00000000e+00
9.99924145e-01 2.08346179e-04 1.23088271e-02 -8.69875717e-05 -2.24388302e-04 9.99999084e-01 1.30218777e-03 2.30335229e-02 -1.23085172e-02 -1.30484991e-03 9.99923384e-01 -1.24785355e+00 0.00000000e+00 0.00000000e+00 0.00000000e+00 1.00000000e+00
9.99927362e-01 -7.02236554e-04 1.20412359e-02 2.91453336e-03 6.85651985e-04 9.99998800e-01 1.38048066e-03 2.26616263e-02 -1.20421728e-02 -1.37212473e-03 9.99926598e-01 -1.25541868e+00 0.00000000e+00 0.00000000e+00 0.00000000e+00 1.00000000e+00
9.99930918e-01 -7.04192475e-04 1.17273994e-02 1.92858051e-03 6.90329716e-04 9.99999125e-01 1.18680717e-03 2.26452243e-02 -1.17281954e-02 -1.17863863e-03 9.99930510e-01 -1.25023373e+00 0.00000000e+00 0.00000000e+00 0.00000000e+00 1.00000000e+00
9.99935243e-01 -2.46016299e-04 1.13764333e-02 2.36954357e-03 2.45045200e-04 9.99999970e-01 8.65012813e-05 2.13612801e-02 -1.13764516e-02 -8.37024749e-05 9.99935301e-01 -1.26580846e+00 0.00000000e+00 0.00000000e+00 0.00000000e+00 1.00000000e+00
9.99947263e-01 -3.97522827e-04 1.02631389e-02 1.96217447e-03 4.18176253e-04 9.99997903e-01 -2.01068425e-03 2.36725874e-02 -1.02623711e-02 2.01487331e-03 9.99945328e-01 -1.26813729e+00 0.00000000e+00 0.00000000e+00 0.00000000e+00 1.00000000e+00
9.99956572e-01 8.17467028e-04 9.27950043e-03 6.57079940e-04 -7.91016327e-04 9.99995562e-01 -2.85335253e-03 2.56913785e-02 -9.28181719e-03 2.84589655e-03 9.99952906e-01 -1.27168753e+00 0.00000000e+00 0.00000000e+00 0.00000000e+00 1.00000000e+00
9.99961960e-01 7.15193620e-04 8.70001916e-03 1.05786036e-03 -7.14993285e-04 9.99999793e-01 -2.59299131e-05 2.44815386e-02 -8.69994199e-03 1.96992128e-05 9.99962111e-01 -1.27272298e+00 0.00000000e+00 0.00000000e+00 0.00000000e+00 1.00000000e+00
9.99960269e-01 2.33060401e-03 8.59943670e-03 -1.26303496e-03 -2.35143929e-03 9.99994284e-01 2.41343173e-03 2.07556688e-02 -8.59382557e-03 -2.43355679e-03 9.99960095e-01 -1.27096547e+00 0.00000000e+00 0.00000000e+00 0.00000000e+00 1.00000000e+00
9.99964207e-01 3.09548522e-03 7.87916367e-03 -2.63521305e-03 -3.11219750e-03 9.99992929e-01 2.10983355e-03 1.87728464e-02 -7.87261949e-03 -2.13428346e-03 9.99966708e-01 -1.27485107e+00 0.00000000e+00 0.00000000e+00 0.00000000e+00 1.00000000e+00
9.99975050e-01 1.41320391e-03 6.92336746e-03 -8.79586083e-04 -1.43006181e-03 9.99996028e-01 2.43071271e-03 2.09761816e-02 -6.91988173e-03 -2.44054213e-03 9.99973145e-01 -1.27400403e+00 0.00000000e+00 0.00000000e+00 0.00000000e+00 1.00000000e+00
9.99979099e-01 2.15080989e-03 6.09613119e-03 -1.92519248e-03 -2.16816934e-03 9.99993635e-01 2.84192689e-03 2.07368497e-02 -6.08994876e-03 -2.85509232e-03 9.99977307e-01 -1.27732141e+00 0.00000000e+00 0.00000000e+00 0.00000000e+00 1.00000000e+00
9.99981861e-01 2.98108205e-03 5.22998906e-03 -2.35577620e-03 -2.97917771e-03 9.99995433e-01 -3.73210371e-04 2.21913487e-02 -5.23113935e-03 3.57627594e-04 9.99986280e-01 -1.26642791e+00 0.00000000e+00 0.00000000e+00 0.00000000e+00 1.00000000e+00
9.99987790e-01 1.60652510e-03 4.66286412e-03 -1.45645424e-03 -1.58938832e-03 9.99991990e-01 -3.67595800e-03 2.76364435e-02 -4.66868875e-03 3.66850325e-03 9.99982417e-01 -1.27230881e+00 0.00000000e+00 0.00000000e+00 0.00000000e+00 1.00000000e+00
9.99985114e-01 3.55694744e-03 4.15127106e-03 -3.46370742e-03 -3.54033823e-03 9.99985782e-01 -4.00203328e-03 2.96413628e-02 -4.16541855e-03 3.98727351e-03 9.99983343e-01 -1.31176308e+00 0.00000000e+00 0.00000000e+00 0.00000000e+00 1.00000000e+00
9.99991639e-01 1.88116753e-03 3.62093717e-03 -1.72264149e-03 -1.87526703e-03 9.99996891e-01 -1.63346194e-03 2.66497762e-02 -3.62413583e-03 1.62665672e-03 9.99992122e-01 -1.21797815e+00 0.00000000e+00 0.00000000e+00 0.00000000e+00 1.00000000e+00
9.99993461e-01 1.80676431e-03 3.13722419e-03 -6.96874663e-04 -1.80534290e-03 9.99998264e-01 -4.54803545e-04 2.67635028e-02 -3.13798406e-03 4.49140709e-04 9.99994975e-01 -1.25452245e+00 0.00000000e+00 0.00000000e+00 0.00000000e+00 1.00000000e+00
9.99994174e-01 1.98138246e-03 2.78333708e-03 -1.19948782e-03 -1.97568518e-03 9.99995992e-01 -2.04719350e-03 2.71704249e-02 -2.78735496e-03 2.04167623e-03 9.99994055e-01 -1.24975619e+00 0.00000000e+00 0.00000000e+00 0.00000000e+00 1.00000000e+00
9.99995618e-01 1.56787698e-03 2.51570216e-03 -4.08710468e-05 -1.56317806e-03 9.99996942e-01 -1.87094085e-03 2.86420256e-02 -2.51857653e-03 1.86700572e-03 9.99995063e-01 -1.24720012e+00 0.00000000e+00 0.00000000e+00 0.00000000e+00 1.00000000e+00
9.99993482e-01 2.75771202e-03 2.32189614e-03 -5.28229595e-03 -2.75745606e-03 9.99996195e-01 -1.14802826e-04 2.17523946e-02 -2.32227794e-03 1.08403102e-04 9.99997292e-01 -1.23610247e+00 0.00000000e+00 0.00000000e+00 0.00000000e+00 1.00000000e+00
9.99993766e-01 2.21715898e-03 2.77053362e-03 5.80068745e-04 -2.21515347e-03 9.99997294e-01 -7.26288531e-04 3.05203659e-02 -2.77207379e-03 7.20137714e-04 9.99995877e-01 -1.21345138e+00 0.00000000e+00 0.00000000e+00 0.00000000e+00 1.00000000e+00
9.99990657e-01 3.37453481e-03 2.67983527e-03 -9.27739142e-04 -3.36809502e-03 9.99991452e-01 -2.39976899e-03 3.39021718e-02 -2.68791853e-03 2.39072115e-03 9.99993573e-01 -1.20248804e+00 0.00000000e+00 0.00000000e+00 0.00000000e+00 1.00000000e+00
9.99995630e-01 1.90404349e-03 2.27630322e-03 4.68852030e-03 -1.90037722e-03 9.99996864e-01 -1.61821813e-03 3.09949667e-02 -2.27935761e-03 1.61389269e-03 9.99996135e-01 -1.19886456e+00 0.00000000e+00 0.00000000e+00 0.00000000e+00 1.00000000e+00
9.99995219e-01 2.37081689e-03 1.97706614e-03 1.02936327e-02 -2.37027624e-03 9.99997203e-01 -2.73698755e-04 2.56727520e-02 -1.97768375e-03 2.69002774e-04 9.99997931e-01 -1.18817596e+00 0.00000000e+00 0.00000000e+00 0.00000000e+00 1.00000000e+00
9.99998033e-01 1.35366629e-03 1.43604811e-03 6.64439749e-03 -1.35504587e-03 9.99998611e-01 9.58212249e-04 2.57725056e-02 -1.43480841e-03 -9.60154722e-04 9.99998486e-01 -1.17666630e+00 0.00000000e+00 0.00000000e+00 0.00000000e+00 1.00000000e+00
9.99999770e-01 1.60304342e-04 6.98997737e-04 9.36581616e-03 -1.61153358e-04 9.99999234e-01 1.23607297e-03 2.60445777e-02 -6.98783686e-04 -1.23618053e-03 9.99999030e-01 -1.16299627e+00 0.00000000e+00 0.00000000e+00 0.00000000e+00 1.00000000e+00
9.99999424e-01 -1.04851420e-03 -2.84271916e-04 2.21730785e-02 1.04880371e-03 9.99998836e-01 1.05873790e-03 2.50240968e-02 2.83198613e-04 -1.05903085e-03 9.99999427e-01 -1.15203115e+00 0.00000000e+00 0.00000000e+00 0.00000000e+00 1.00000000e+00
9.99995098e-01 -2.28146806e-03 -2.12026739e-03 2.48037965e-02 2.28321122e-03 9.99997154e-01 8.17627848e-04 2.41044991e-02 2.11838748e-03 -8.22476808e-04 9.99997353e-01 -1.13941164e+00 0.00000000e+00 0.00000000e+00 0.00000000e+00 1.00000000e+00
9.99986509e-01 -2.56728911e-03 -4.52265478e-03 2.00402060e-02 2.57257629e-03 9.99995982e-01 1.16361095e-03 2.48303083e-02 4.51963068e-03 -1.17522458e-03 9.99989191e-01 -1.13332069e+00 0.00000000e+00 0.00000000e+00 0.00000000e+00 1.00000000e+00
9.99982762e-01 -1.93966041e-03 -5.54576274e-03 1.83231164e-02 1.94636815e-03 9.99997385e-01 1.20561430e-03 2.28345182e-02 5.54338811e-03 -1.21638699e-03 9.99983890e-01 -1.12701282e+00 0.00000000e+00 0.00000000e+00 0.00000000e+00 1.00000000e+00
9.99979297e-01 -9.86707495e-04 -6.34859598e-03 9.37930547e-03 9.90714643e-04 9.99999271e-01 6.26026363e-04 1.38118412e-02 6.34804460e-03 -6.32310041e-04 9.99979626e-01 -1.12579737e+00 0.00000000e+00 0.00000000e+00 0.00000000e+00 1.00000000e+00
9.99970012e-01 -1.40730204e-03 -7.62103468e-03 8.62336332e-03 1.40293553e-03 9.99998918e-01 -5.77660155e-04 1.70863030e-02 7.62186355e-03 5.66958118e-04 9.99970799e-01 -1.12102135e+00 0.00000000e+00 0.00000000e+00 0.00000000e+00 1.00000000e+00
9.99957673e-01 -2.03027033e-03 -8.96985598e-03 1.03001002e-02 2.02307182e-03 9.99997607e-01 -8.10897047e-04 1.63086572e-02 8.97134334e-03 7.92717136e-04 9.99959379e-01 -1.11594956e+00 0.00000000e+00 0.00000000e+00 0.00000000e+00 1.00000000e+00
9.99951078e-01 -8.47604586e-04 -9.85668597e-03 8.40117330e-03 8.48279452e-04 9.99999563e-01 6.45255726e-05 1.78189732e-02 9.85670345e-03 -7.28882010e-05 9.99951465e-01 -1.11286853e+00 0.00000000e+00 0.00000000e+00 0.00000000e+00 1.00000000e+00
9.99943017e-01 -1.16895331e-03 -1.06178640e-02 8.85506735e-03 1.16966241e-03 9.99999346e-01 5.98800336e-05 1.62925793e-02 1.06177006e-02 -7.22919091e-05 9.99943614e-01 -1.10887139e+00 0.00000000e+00 0.00000000e+00 0.00000000e+00 1.00000000e+00
9.99938099e-01 -1.58758786e-03 -1.10069659e-02 9.79640586e-03 1.60201038e-03 9.99997913e-01 1.30154555e-03 1.90308739e-02 1.10049442e-02 -1.31909413e-03 9.99938594e-01 -1.10097248e+00 0.00000000e+00 0.00000000e+00 0.00000000e+00 1.00000000e+00
9.99927495e-01 -2.29594325e-03 -1.18179908e-02 5.65727911e-03 2.33305219e-03 9.99992385e-01 3.12730093e-03 1.36021784e-02 1.18107257e-02 -3.15464864e-03 9.99925268e-01 -1.09684485e+00 0.00000000e+00 0.00000000e+00 0.00000000e+00 1.00000000e+00
9.99913846e-01 -2.45773300e-03 -1.29012867e-02 -3.10692815e-03 2.48537361e-03 9.99994656e-01 2.12675954e-03 1.02134624e-02 1.28959541e-02 -2.15864493e-03 9.99914520e-01 -1.09336450e+00 0.00000000e+00 0.00000000e+00 0.00000000e+00 1.00000000e+00
