9.99880284e-01 -1.36595554e-03 -1.54089507e-02 -1.01470637e-02 1.38157043e-03 9.99998586e-01 1.00280181e-03 -5.90675677e-04 1.54075566e-02 -1.02396922e-03 9.99880744e-01 -1.26898990e-01 0.00000000e+00 0.00000000e+00 0.00000000e+00 1.00000000e+00
9.99782869e-01 -2.77381691e-03 -2.06552035e-02 -1.29850211e-02 2.76503205e-03 9.99996036e-01 -4.53971409e-04 -6.79120474e-04 2.06563871e-02 3.96759627e-04 9.99786541e-01 -1.42455478e-01 0.00000000e+00 0.00000000e+00 0.00000000e+00 1.00000000e+00
9.99641564e-01 -1.66135608e-03 -2.67217770e-02 -1.94300825e-02 1.62304538e-03 9.99997617e-01 -1.45531955e-03 -1.33522610e-03 2.67241347e-02 1.41142678e-03 9.99641846e-01 -1.63460194e-01 0.00000000e+00 0.00000000e+00 0.00000000e+00 1.00000000e+00
9.99439583e-01 6.01864986e-05 -3.34738530e-02 -2.83274086e-02 -1.42769183e-04 9.99996934e-01 -2.46469073e-03 -6.60796802e-04 3.34735960e-02 2.46808793e-03 9.99436552e-01 -1.76464521e-01 0.00000000e+00 0.00000000e+00 0.00000000e+00 1.00000000e+00
9.99275757e-01 2.67058878e-03 -3.79572214e-02 -3.51396178e-02 -2.76139511e-03 9.99993455e-01 -2.34009420e-03 -1.07559823e-03 3.79506905e-02 2.44321382e-03 9.99276700e-01 -1.89968937e-01 0.00000000e+00 0.00000000e+00 0.00000000e+00 1.00000000e+00
9.99201156e-01 3.24273111e-03 -3.98320233e-02 -4.01155179e-02 -3.26868044e-03 9.99994568e-01 -5.86333268e-04 -1.19420644e-03 3.98299290e-02 7.16063475e-04 9.99206223e-01 -2.04296464e-01 0.00000000e+00 0.00000000e+00 0.00000000e+00 1.00000000e+00
9.99038351e-01 5.55230719e-05 -4.38446211e-02 -3.57658825e-02 -1.11288607e-04 9.99999113e-01 -1.26944946e-03 -2.08022604e-03 4.38445559e-02 1.27310758e-03 9.99037535e-01 -2.17086241e-01 0.00000000e+00 0.00000000e+00 0.00000000e+00 1.00000000e+00
9.98781745e-01 -6.91839372e-04 -4.93406819e-02 -3.50400731e-02 5.72717923e-04 9.99996913e-01 -2.42835483e-03 -1.41078921e-03 4.93421817e-02 2.39713876e-03 9.98779054e-01 -2.31522951e-01 0.00000000e+00 0.00000000e+00 0.00000000e+00 1.00000000e+00
9.98754173e-01 8.02944593e-04 -4.98943483e-02 -4.02885252e-02 -1.16018175e-03 9.99973860e-01 -7.13135509e-03 5.12735172e-03 4.98872524e-02 7.18034972e-03 9.98729044e-01 -2.45323834e-01 0.00000000e+00 0.00000000e+00 0.00000000e+00 1.00000000e+00
9.98735469e-01 7.42219394e-03 -4.97231956e-02 -5.60608863e-02 -7.83619714e-03 9.99936219e-01 -8.13640260e-03 7.34785785e-03 4.96596393e-02 8.51576080e-03 9.98729897e-01 -2.59188094e-01 0.00000000e+00 0.00000000e+00 0.00000000e+00 1.00000000e+00
9.98501128e-01 4.63966159e-03 -5.45340354e-02 -5.14543510e-02 -4.86673607e-03 9.99980005e-01 -4.03173356e-03 5.30593671e-03 5.45143071e-02 4.29109444e-03 9.98503774e-01 -2.65397873e-01 0.00000000e+00 0.00000000e+00 0.00000000e+00 1.00000000e+00
9.98340779e-01 2.02335466e-04 -5.75821318e-02 -4.43308484e-02 -3.82967848e-04 9.99995070e-01 -3.12595728e-03 6.36728893e-03 5.75812188e-02 3.14282068e-03 9.98335894e-01 -2.75260596e-01 0.00000000e+00 0.00000000e+00 0.00000000e+00 1.00000000e+00
9.98313523e-01 3.68282148e-05 -5.80526948e-02 -4.67000369e-02 -2.96120882e-04 9.99990036e-01 -4.45789778e-03 6.19835311e-03 5.80519083e-02 4.46756728e-03 9.98303547e-01 -2.90751607e-01 0.00000000e+00 0.00000000e+00 0.00000000e+00 1.00000000e+00
9.98228787e-01 3.43485854e-03 -5.93920249e-02 -5.11721211e-02 -3.66664017e-03 9.99986126e-01 -3.79405880e-03 6.51861321e-03 5.93781951e-02 4.00511653e-03 9.98227528e-01 -3.01430264e-01 0.00000000e+00 0.00000000e+00 0.00000000e+00 1.00000000e+00
9.98133735e-01 4.74422650e-03 -6.08808362e-02 -5.42591451e-02 -4.92785301e-03 9.99983673e-01 -2.86632098e-03 8.94444273e-03 6.08662397e-02 3.16098106e-03 9.98140858e-01 -3.13106974e-01 0.00000000e+00 0.00000000e+00 0.00000000e+00 1.00000000e+00
9.98217265e-01 3.79355429e-03 -5.95647832e-02 -5.31178898e-02 -3.92837529e-03 9.99990045e-01 -2.14653537e-03 6.98868240e-03 5.95560553e-02 2.37668739e-03 9.98222173e-01 -3.28436495e-01 0.00000000e+00 0.00000000e+00 0.00000000e+00 1.00000000e+00
9.98290234e-01 4.12437397e-03 -5.83051645e-02 -5.05634381e-02 -4.15042359e-03 9.99991331e-01 -3.25588508e-04 3.59930139e-03 5.83033395e-02 5.67033355e-04 9.98298752e-01 -3.42919207e-01 0.00000000e+00 0.00000000e+00 0.00000000e+00 1.00000000e+00
9.98310970e-01 2.54787067e-03 -5.80419417e-02 -4.58047551e-02 -2.56486557e-03 9.99996638e-01 -2.18305612e-04 2.97741860e-03 5.80412046e-02 3.66803831e-04 9.98314160e-01 -3.63537881e-01 0.00000000e+00 0.00000000e+00 0.00000000e+00 1.00000000e+00
9.98404236e-01 -1.76740056e-03 -5.64439503e-02 -3.55593048e-02 1.66026952e-03 9.99996729e-01 -1.94484896e-03 3.87140633e-03 5.64472372e-02 1.84803942e-03 9.98403860e-01 -3.81652587e-01 0.00000000e+00 0.00000000e+00 0.00000000e+00 1.00000000e+00
9.98604321e-01 -1.45097754e-04 -5.28136913e-02 -3.53286078e-02 8.42144793e-05 9.99999358e-01 -1.15508496e-03 6.53249002e-03 5.28137432e-02 1.14902172e-03 9.98603698e-01 -4.03573420e-01 0.00000000e+00 0.00000000e+00 0.00000000e+00 1.00000000e+00
9.98807883e-01 1.03031040e-03 -4.88027846e-02 -3.64586977e-02 -1.06792907e-03 9.99999109e-01 -7.44666152e-04 7.16965658e-03 4.88020462e-02 7.95890166e-04 9.98808150e-01 -4.25212755e-01 0.00000000e+00 0.00000000e+00 0.00000000e+00 1.00000000e+00
9.98953263e-01 1.25609832e-03 -4.57251346e-02 -3.19275396e-02 -1.35508661e-03 9.99996870e-01 -2.13396261e-03 1.05834348e-02 4.57222693e-02 2.19369318e-03 9.98951822e-01 -4.47710901e-01 0.00000000e+00 0.00000000e+00 0.00000000e+00 1.00000000e+00
9.99075365e-01 -3.54394548e-04 -4.29922514e-02 -2.69705268e-02 3.52271017e-04 9.99999920e-01 -5.69130338e-05 8.69792627e-03 4.29923003e-02 4.17207407e-05 9.99075382e-01 -4.72298253e-01 0.00000000e+00 0.00000000e+00 0.00000000e+00 1.00000000e+00
9.99163312e-01 1.01584089e-03 -4.08859957e-02 -2.52848070e-02 -9.66064564e-04 9.99998776e-01 1.23725937e-03 7.58958140e-03 4.08871834e-02 -1.19673222e-03 9.99163104e-01 -4.93907000e-01 0.00000000e+00 0.00000000e+00 0.00000000e+00 1.00000000e+00
9.99302765e-01 3.45717966e-03 -3.71757260e-02 -2.63893669e-02 -3.34240341e-03 9.99989398e-01 3.14898652e-03 5.93266782e-03 3.71861467e-02 -3.02253241e-03 9.99303727e-01 -5.16486481e-01 0.00000000e+00 0.00000000e+00 0.00000000e+00 1.00000000e+00
9.99480263e-01 3.81245794e-03 -3.20109256e-02 -2.44518964e-02 -3.70697710e-03 9.99987542e-01 3.35390818e-03 3.57015472e-03 3.20233817e-02 -3.23349642e-03 9.99481901e-01 -5.41978073e-01 0.00000000e+00 0.00000000e+00 0.00000000e+00 1.00000000e+00
9.99618509e-01 2.75056283e-03 -2.74831937e-02 -1.84583108e-02 -2.66650760e-03 9.99991627e-01 3.09467974e-03 3.03835284e-03 2.74915640e-02 -3.02022321e-03 9.99617469e-01 -5.68969673e-01 0.00000000e+00 0.00000000e+00 0.00000000e+00 1.00000000e+00
9.99754841e-01 2.21681767e-03 -2.20292747e-02 -1.27274931e-02 -2.18309326e-03 9.99996457e-01 1.55460843e-03 3.45545897e-03 2.20325736e-02 -1.50613310e-03 9.99756122e-01 -5.93943500e-01 0.00000000e+00 0.00000000e+00 0.00000000e+00 1.00000000e+00
9.99871809e-01 1.66998228e-03 -1.59196738e-02 -1.06375471e-02 -1.67035042e-03 9.99998631e-01 -9.75712350e-06 5.76420782e-03 1.59196183e-02 3.63513910e-05 9.99873296e-01 -6.22361209e-01 0.00000000e+00 0.00000000e+00 0.00000000e+00 1.00000000e+00
9.99924932e-01 1.86038401e-03 -1.21163696e-02 -7.33250012e-03 -1.87349525e-03 9.99997623e-01 -1.07059515e-03 7.61764366e-03 1.21143372e-02 1.09320805e-03 9.99926035e-01 -6.46393577e-01 0.00000000e+00 0.00000000e+00 0.00000000e+00 1.00000000e+00
9.99933601e-01 -6.54182710e-04 -1.15042447e-02 -2.00289801e-03 6.27876157e-04 9.99997149e-01 -2.28976999e-03 8.85780816e-03 1.15057954e-02 2.28240132e-03 9.99931132e-01 -6.71321343e-01 0.00000000e+00 0.00000000e+00 0.00000000e+00 1.00000000e+00
9.99937705e-01 -1.11665830e-03 -1.11036949e-02 1.86790964e-04 1.09263776e-03 9.99997059e-01 -2.16989158e-03 9.36695995e-03 1.11060241e-02 2.15762398e-03 9.99936058e-01 -6.96597974e-01 0.00000000e+00 0.00000000e+00 0.00000000e+00 1.00000000e+00
9.99944796e-01 -2.08758810e-04 -1.05065172e-02 -6.31708360e-04 1.89394870e-04 9.99998269e-01 -1.84373114e-03 1.00109982e-02 1.05069287e-02 1.84163479e-03 9.99943047e-01 -7.16140483e-01 0.00000000e+00 0.00000000e+00 0.00000000e+00 1.00000000e+00
9.99943567e-01 -4.75471263e-04 -1.06083198e-02 -1.17911000e-03 4.52816023e-04 9.99997696e-01 -2.13763799e-03 1.12940970e-02 1.06092195e-02 2.13271973e-03 9.99941440e-01 -7.38600515e-01 0.00000000e+00 0.00000000e+00 0.00000000e+00 1.00000000e+00
9.99940317e-01 4.55900300e-04 -1.09176737e-02 -1.56624302e-03 -4.73499134e-04 9.99998563e-01 -1.60933195e-03 1.04296368e-02 1.09170361e-02 1.61440183e-03 9.99939174e-01 -7.56960645e-01 0.00000000e+00 0.00000000e+00 0.00000000e+00 1.00000000e+00
9.99944468e-01 5.68055024e-04 -1.05205781e-02 -1.06475077e-03 -5.78863573e-04 9.99999274e-01 -1.02442207e-03 9.63425994e-03 1.05199570e-02 1.03045931e-03 9.99944063e-01 -7.73766580e-01 0.00000000e+00 0.00000000e+00 0.00000000e+00 1.00000000e+00
9.99940684e-01 -7.85537928e-04 -1.08682099e-02 4.12195168e-04 7.47862236e-04 9.99993669e-01 -3.47066190e-03 1.08243018e-02 1.08708497e-02 3.46232547e-03 9.99934910e-01 -7.91782897e-01 0.00000000e+00 0.00000000e+00 0.00000000e+00 1.00000000e+00
9.99931729e-01 -1.12163184e-03 -1.16348245e-02 2.39426339e-03 1.08165050e-03 9.99993501e-01 -3.44217423e-03 1.14771897e-02 1.16386694e-02 3.42935013e-03 9.99926422e-01 -7.99417925e-01 0.00000000e+00 0.00000000e+00 0.00000000e+00 1.00000000e+00
9.99922636e-01 -2.39805523e-04 -1.24338025e-02 8.96493170e-04 1.81028584e-04 9.99988802e-01 -4.72827109e-03 1.50566986e-02 1.24347661e-02 4.72565663e-03 9.99911518e-01 -8.05268704e-01 0.00000000e+00 0.00000000e+00 0.00000000e+00 1.00000000e+00
9.99913483e-01 -4.07571248e-05 -1.31557991e-02 -1.94265146e-04 8.33727103e-06 9.99996962e-01 -2.46452112e-03 1.67795928e-02 1.31558046e-02 2.46419835e-03 9.99910439e-01 -8.09520998e-01 0.00000000e+00 0.00000000e+00 0.00000000e+00 1.00000000e+00
9.99898075e-01 5.28035065e-04 -1.42639416e-02 -1.62161011e-04 -5.35935453e-04 9.99999742e-01 -5.49699785e-04 1.74125890e-02 1.42637003e-02 5.57289085e-04 9.99898081e-01 -8.09987445e-01 0.00000000e+00 0.00000000e+00 0.00000000e+00 1.00000000e+00
9.99893588e-01 -2.96163741e-04 -1.45889929e-02 7.56212625e-05 3.10116171e-04 9.99999480e-01 9.54246466e-04 1.53573502e-02 1.45886760e-02 -9.58675494e-04 9.99893122e-01 -8.16076981e-01 0.00000000e+00 0.00000000e+00 0.00000000e+00 1.00000000e+00
9.99862691e-01 5.52618859e-04 -1.65617540e-02 -2.00869916e-03 -5.34158911e-04 9.99999212e-01 1.11880460e-03 1.61167813e-02 1.65623529e-02 -1.10981148e-03 9.99862242e-01 -8.19935834e-01 0.00000000e+00 0.00000000e+00 0.00000000e+00 1.00000000e+00
9.99788836e-01 -1.02631871e-03 -2.05220531e-02 -1.37799364e-03 1.05715412e-03 9.99998413e-01 1.49198466e-03 1.71911065e-02 2.05204779e-02 -1.51335134e-03 9.99788279e-01 -8.22456153e-01 0.00000000e+00 0.00000000e+00 0.00000000e+00 1.00000000e+00
9.99669640e-01 -2.74780764e-03 -2.55544606e-02 7.37293009e-04 2.77217214e-03 9.99995739e-01 9.18130164e-04 1.57852784e-02 2.55518325e-02 -9.88663337e-04 9.99673034e-01 -8.27769504e-01 0.00000000e+00 0.00000000e+00 0.00000000e+00 1.00000000e+00
9.99541784e-01 -2.32276096e-03 -3.01802479e-02 1.23290763e-03 2.32563900e-03 9.99997264e-01 5.98103620e-05 1.52105227e-02 3.01800336e-02 -1.29976220e-04 9.99544448e-01 -8.28977807e-01 0.00000000e+00 0.00000000e+00 0.00000000e+00 1.00000000e+00
9.99452051e-01 -1.10606580e-03 -3.30821094e-02 -1.92043801e-03 1.11823560e-03 9.99999311e-01 3.49694358e-04 1.57742666e-02 3.30817085e-02 -3.86497991e-04 9.99452633e-01 -8.35399525e-01 0.00000000e+00 0.00000000e+00 0.00000000e+00 1.00000000e+00
9.99411674e-01 2.99351634e-04 -3.42960580e-02 -4.34232428e-03 -2.88108434e-04 9.99999890e-01 3.32697837e-04 1.78606650e-02 3.42961473e-02 -3.22615749e-04 9.99411585e-01 -8.37005495e-01 0.00000000e+00 0.00000000e+00 0.00000000e+00 1.00000000e+00
9.99422864e-01 1.26959122e-03 -3.39443400e-02 -5.72489518e-03 -1.23290003e-03 9.99998609e-01 1.10192700e-03 1.72299156e-02 3.39456924e-02 -1.05945221e-03 9.99423187e-01 -8.38561874e-01 0.00000000e+00 0.00000000e+00 0.00000000e+00 1.00000000e+00
9.99459516e-01 2.16890185e-04 -3.28734531e-02 -4.08987838e-03 -1.46304789e-04 9.99997663e-01 2.14935557e-03 1.65241806e-02 3.28738468e-02 -2.14337810e-03 9.99457147e-01 -8.40892777e-01 0.00000000e+00 0.00000000e+00 0.00000000e+00 1.00000000e+00
9.99470490e-01 -8.25421499e-04 -3.25278580e-02 -2.46734159e-03 9.12938009e-04 9.99996020e-01 2.67603033e-03 1.56355423e-02 3.25255224e-02 -2.70430666e-03 9.99467271e-01 -8.41371887e-01 0.00000000e+00 0.00000000e+00 0.00000000e+00 1.00000000e+00
9.99465583e-01 3.88487235e-03 -3.24563246e-02 -7.43103673e-03 -3.75860970e-03 9.99985114e-01 3.95015706e-03 1.42415896e-02 3.24711977e-02 -3.82606341e-03 9.99465313e-01 -8.42476555e-01 0.00000000e+00 0.00000000e+00 0.00000000e+00 1.00000000e+00
9.99475625e-01 6.91172919e-03 -3.16345879e-02 -1.33255539e-02 -6.76266466e-03 9.99965580e-01 4.81697091e-03 1.24927212e-02 3.16668201e-02 -4.60050127e-03 9.99487928e-01 -8.44049098e-01 0.00000000e+00 0.00000000e+00 0.00000000e+00 1.00000000e+00
9.99504686e-01 7.25615666e-03 -3.06234701e-02 -1.33437250e-02 -7.08077655e-03 9.99957964e-01 5.83133486e-03 1.30200030e-02 3.06644324e-02 -5.61160288e-03 9.99513953e-01 -8.41211978e-01 0.00000000e+00 0.00000000e+00 0.00000000e+00 1.00000000e+00
9.99548835e-01 7.19113323e-03 -2.91615034e-02 -1.42562087e-02 -7.07440188e-03 9.99966528e-01 4.10410992e-03 1.37641536e-02 2.91900783e-02 -3.89596099e-03 9.99566320e-01 -8.44303739e-01 0.00000000e+00 0.00000000e+00 0.00000000e+00 1.00000000e+00
9.99551843e-01 9.07975790e-03 -2.85257775e-02 -1.97990851e-02 -8.96461157e-03 9.99951155e-01 4.16206931e-03 1.63920963e-02 2.85621041e-02 -3.90447751e-03 9.99584336e-01 -8.51188039e-01 0.00000000e+00 0.00000000e+00 0.00000000e+00 1.00000000e+00
9.99610433e-01 6.85863144e-03 -2.70541917e-02 -1.64806518e-02 -6.64674849e-03 9.99946603e-01 7.91407999e-03 1.80322792e-02 2.71071173e-02 -7.73117290e-03 9.99602717e-01 -8.44237869e-01 0.00000000e+00 0.00000000e+00 0.00000000e+00 1.00000000e+00
9.99634872e-01 5.26612267e-03 -2.64996551e-02 -1.47476164e-02 -4.87714283e-03 9.99879716e-01 1.47218580e-02 1.30952318e-02 2.65740062e-02 -1.45872413e-02 9.99540433e-01 -8.35321094e-01 0.00000000e+00 0.00000000e+00 0.00000000e+00 1.00000000e+00
9.99657589e-01 1.60431712e-03 -2.61191648e-02 -8.70605346e-03 -1.12921726e-03 9.99833809e-01 1.81944405e-02 5.65428847e-03 2.61439822e-02 -1.81587185e-02 9.99493246e-01 -8.30017787e-01 0.00000000e+00 0.00000000e+00 0.00000000e+00 1.00000000e+00
9.99643854e-01 -2.88442283e-04 -2.66846208e-02 -4.58367347e-03 7.34960032e-04 9.99859876e-01 1.67248588e-02 1.05954253e-03 2.66761251e-02 -1.67384992e-02 9.99503985e-01 -8.26099058e-01 0.00000000e+00 0.00000000e+00 0.00000000e+00 1.00000000e+00
9.99640024e-01 2.69325460e-03 -2.66958789e-02 -7.74683225e-03 -2.41403746e-03 9.99942101e-01 1.04858259e-02 6.95368741e-03 2.67224784e-02 -1.04176131e-02 9.99588548e-01 -8.32904688e-01 0.00000000e+00 0.00000000e+00 0.00000000e+00 1.00000000e+00
9.99667907e-01 1.97803743e-03 -2.56912706e-02 -8.67545198e-03 -1.88392475e-03 9.99991451e-01 3.68695734e-03 1.11399268e-02 2.56983262e-02 -3.63733629e-03 9.99663133e-01 -8.33567051e-01 0.00000000e+00 0.00000000e+00 0.00000000e+00 1.00000000e+00
9.99688708e-01 2.30671169e-03 -2.48423831e-02 -7.66070581e-03 -2.34103382e-03 9.99996274e-01 -1.35240023e-03 1.53687778e-02 2.48392356e-02 1.41014023e-03 9.99690421e-01 -8.34195905e-01 0.00000000e+00 0.00000000e+00 0.00000000e+00 1.00000000e+00
9.99738617e-01 2.66925561e-03 -2.27062499e-02 -8.69867703e-03 -2.79959288e-03 9.99979812e-01 -5.71037219e-03 2.04225344e-02 2.26904830e-02 5.77244431e-03 9.99725858e-01 -8.34168489e-01 0.00000000e+00 0.00000000e+00 0.00000000e+00 1.00000000e+00
9.99772807e-01 5.93689814e-03 -2.04715513e-02 -1.30317836e-02 -6.05596516e-03 9.99965057e-01 -5.75916568e-03 2.39688528e-02 2.04366473e-02 5.88183005e-03 9.99773893e-01 -8.28683458e-01 0.00000000e+00 0.00000000e+00 0.00000000e+00 1.00000000e+00
9.99867124e-01 3.62177540e-03 -1.58989455e-02 -1.06197265e-02 -3.62142106e-03 9.99993472e-01 5.10405058e-05 2.37810165e-02 1.58990458e-02 6.54191181e-06 9.99873596e-01 -8.22113610e-01 0.00000000e+00 0.00000000e+00 0.00000000e+00 1.00000000e+00
9.99913054e-01 2.65865355e-03 -1.29125016e-02 -6.23756265e-03 -2.63104420e-03 9.99994172e-01 2.15519468e-03 1.83996069e-02 1.29181968e-02 -2.12103275e-03 9.99914358e-01 -8.11863427e-01 0.00000000e+00 0.00000000e+00 0.00000000e+00 1.00000000e+00
9.99932732e-01 1.66962335e-03 -1.14753705e-02 -5.10489091e-03 -1.63780311e-03 9.99994791e-01 2.78190291e-03 1.60862718e-02 1.14799495e-02 -2.76291766e-03 9.99930257e-01 -8.04019210e-01 0.00000000e+00 0.00000000e+00 0.00000000e+00 1.00000000e+00
9.99910706e-01 -5.99955181e-03 -1.19451332e-02 5.35430303e-03 6.04146819e-03 9.99975715e-01 3.47600599e-03 1.78597519e-02 1.19239995e-02 -3.54785815e-03 9.99922662e-01 -8.00375731e-01 0.00000000e+00 0.00000000e+00 0.00000000e+00 1.00000000e+00
9.99906956e-01 -2.76259177e-03 -1.33548188e-02 7.53272886e-03 2.74371165e-03 9.99995292e-01 -1.43176093e-03 1.83940289e-02 1.33586729e-02 1.39498139e-03 9.99909752e-01 -8.03244479e-01 0.00000000e+00 0.00000000e+00 0.00000000e+00 1.00000000e+00
9.99943357e-01 2.33359411e-03 -1.03889417e-02 -6.87528805e-03 -2.32364121e-03 9.99996755e-01 9.70141831e-04 1.59959382e-02 1.03911912e-02 -9.45954039e-04 9.99945497e-01 -8.04357851e-01 0.00000000e+00 0.00000000e+00 0.00000000e+00 1.00000000e+00
9.99957283e-01 3.40486948e-03 -8.59383524e-03 -6.58594101e-03 -3.38905309e-03 9.99992556e-01 1.85435052e-03 1.69120987e-02 8.60012565e-03 -1.82514209e-03 9.99961394e-01 -8.10073821e-01 0.00000000e+00 0.00000000e+00 0.00000000e+00 1.00000000e+00
9.99988381e-01 6.85590333e-04 -4.76767478e-03 -4.63052724e-04 -6.68501479e-04 9.99993340e-01 3.58415732e-03 1.31243580e-02 4.77008551e-03 -3.58092673e-03 9.99982191e-01 -8.22717565e-01 0.00000000e+00 0.00000000e+00 0.00000000e+00 1.00000000e+00
1.00000002e+00 -6.16029470e-05 1.87404572e-04 5.40273744e-04 6.11613159e-05 9.99997363e-01 2.30839333e-03 8.62368932e-03 -1.87531948e-04 -2.30838088e-03 9.99997328e-01 -8.38751600e-01 0.00000000e+00 0.00000000e+00 0.00000000e+00 1.00000000e+00
9.99991221e-01 2.10703313e-03 3.61986451e-03 3.69756551e-04 -2.10477178e-03 9.99997590e-01 -6.24723957e-04 1.29019002e-02 -3.62118976e-03 6.17106020e-04 9.99993250e-01 -8.58052922e-01 0.00000000e+00 0.00000000e+00 0.00000000e+00 1.00000000e+00
9.99976398e-01 -1.42351307e-03 6.71816947e-03 6.12627391e-03 1.43160064e-03 9.99998212e-01 -1.19906031e-03 1.36946011e-02 -6.71642493e-03 1.20864777e-03 9.99976761e-01 -8.76169288e-01 0.00000000e+00 0.00000000e+00 0.00000000e+00 1.00000000e+00
9.99966047e-01 -1.76027500e-03 8.05078872e-03 1.09074318e-02 1.76144999e-03 9.99998529e-01 -1.38465062e-04 1.25503231e-02 -8.05054133e-03 1.52635238e-04 9.99967581e-01 -8.91731937e-01 0.00000000e+00 0.00000000e+00 0.00000000e+00 1.00000000e+00
9.99964880e-01 -1.38634481e-03 8.25932315e-03 1.01194309e-02 1.38489182e-03 9.99998981e-01 1.79899744e-04 1.20776379e-02 -8.25963301e-03 -1.68445292e-04 9.99965892e-01 -9.08455037e-01 0.00000000e+00 0.00000000e+00 0.00000000e+00 1.00000000e+00
9.99969713e-01 -2.47808558e-03 7.38563262e-03 1.04769801e-02 2.48064919e-03 9.99996895e-01 -3.36457802e-04 1.25643193e-02 -7.38476051e-03 3.54764683e-04 9.99972666e-01 -9.24726739e-01 0.00000000e+00 0.00000000e+00 0.00000000e+00 1.00000000e+00
9.99977439e-01 -3.97858110e-03 5.40237142e-03 1.34527072e-02 3.97829580e-03 9.99992023e-01 6.41666362e-05 1.41028496e-02 -5.40251882e-03 -4.26704284e-05 9.99985358e-01 -9.42476122e-01 0.00000000e+00 0.00000000e+00 0.00000000e+00 1.00000000e+00
9.99987786e-01 -4.52810315e-03 1.99747202e-03 1.58110704e-02 4.52997292e-03 9.99989291e-01 -9.33848480e-04 1.71361004e-02 -1.99326414e-03 9.42882653e-04 9.99997625e-01 -9.60924399e-01 0.00000000e+00 0.00000000e+00 0.00000000e+00 1.00000000e+00
9.99994650e-01 -3.24394029e-03 -3.58135619e-04 1.38371423e-02 3.24350386e-03 9.99994086e-01 -1.21083179e-03 1.77824554e-02 3.62006016e-04 1.20965177e-03 9.99999107e-01 -9.76405442e-01 0.00000000e+00 0.00000000e+00 0.00000000e+00 1.00000000e+00
9.99998043e-01 -1.58158058e-03 -1.16051149e-03 1.12753912e-02 1.58064469e-03 9.99998384e-01 -8.07535177e-04 1.82896651e-02 1.16178246e-03 8.05711168e-04 9.99999066e-01 -9.90236934e-01 0.00000000e+00 0.00000000e+00 0.00000000e+00 1.00000000e+00
9.99999931e-01 -9.15826182e-05 -5.04287489e-04 9.82053248e-03 9.12520883e-05 9.99999752e-01 -6.57387408e-04 1.62651417e-02 5.04372876e-04 6.57342138e-04 9.99999640e-01 -1.00104104e+00 0.00000000e+00 0.00000000e+00 0.00000000e+00 1.00000000e+00
9.99999970e-01 -6.88314910e-05 -2.27247860e-04 8.43799681e-03 6.86341395e-05 9.99999659e-01 -8.91464456e-04 1.53459886e-02 2.27413816e-04 8.91445822e-04 9.99999569e-01 -1.01714899e+00 0.00000000e+00 0.00000000e+00 0.00000000e+00 1.00000000e+00
9.99999993e-01 1.85671213e-04 -3.47819096e-05 9.16320019e-03 -1.85701005e-04 9.99999717e-01 -7.31708540e-04 1.69263583e-02 3.45793369e-05 7.31716289e-04 9.99999769e-01 -1.02875103e+00 0.00000000e+00 0.00000000e+00 0.00000000e+00 1.00000000e+00
9.99999880e-01 -3.21082525e-04 -7.87257979e-05 8.42059327e-03 3.21050779e-04 9.99999883e-01 -4.09595751e-04 1.79077508e-02 7.89109788e-05 4.09567649e-04 9.99999866e-01 -1.03460440e+00 0.00000000e+00 0.00000000e+00 0.00000000e+00 1.00000000e+00
9.99998648e-01 -1.65347732e-03 -2.08077034e-04 1.17965800e-02 1.65330152e-03 9.99998257e-01 -8.18172232e-04 2.01111805e-02 2.09359666e-04 8.17826551e-04 9.99999707e-01 -1.04100743e+00 0.00000000e+00 0.00000000e+00 0.00000000e+00 1.00000000e+00
9.99999899e-01 -5.04957270e-04 5.62890610e-05 9.84673551e-03 5.05014553e-04 9.99999525e-01 -8.66919892e-04 2.20340788e-02 -5.58163788e-05 8.66938934e-04 9.99999538e-01 -1.03844484e+00 0.00000000e+00 0.00000000e+00 0.00000000e+00 1.00000000e+00
9.99999055e-01 -1.17255247e-03 6.60536043e-04 1.02880441e-02 1.17257063e-03 9.99999257e-01 -4.16584433e-05 2.41511613e-02 -6.60531275e-04 4.24467469e-05 9.99999836e-01 -1.03660357e+00 0.00000000e+00 0.00000000e+00 0.00000000e+00 1.00000000e+00
9.99999007e-01 -4.57291308e-04 1.35551600e-03 9.70842869e-03 4.59223105e-04 9.99998935e-01 -1.42221476e-03 2.42076540e-02 -1.35486842e-03 1.42283661e-03 9.99998060e-01 -1.03452268e+00 0.00000000e+00 0.00000000e+00 0.00000000e+00 1.00000000e+00
9.99997064e-01 4.95675978e-04 2.34472381e-03 8.65804910e-03 -4.89033431e-04 9.99995856e-01 -2.83322150e-03 2.63500423e-02 -2.34609271e-03 2.83205272e-03 9.99993256e-01 -1.03405660e+00 0.00000000e+00 0.00000000e+00 0.00000000e+00 1.00000000e+00
9.99996142e-01 4.00256146e-04 2.77343134e-03 8.60024070e-03 -3.94712111e-04 9.99997870e-01 -1.99978552e-03 2.67731086e-02 -2.77424866e-03 1.99868688e-03 9.99994154e-01 -1.03145357e+00 0.00000000e+00 0.00000000e+00 0.00000000e+00 1.00000000e+00
9.99996372e-01 3.19521522e-04 2.66335551e-03 8.18606481e-03 -3.17789700e-04 9.99999753e-01 -6.50567837e-04 2.58271078e-02 -2.66351843e-03 6.49723568e-04 9.99996248e-01 -1.02673948e+00 0.00000000e+00 0.00000000e+00 0.00000000e+00 1.00000000e+00
9.99996726e-01 7.05685952e-04 2.48128283e-03 6.75046532e-03 -7.06232586e-04 9.99999715e-01 2.20098896e-04 2.55237904e-02 -2.48115543e-03 -2.21852098e-04 9.99996885e-01 -1.02521589e+00 0.00000000e+00 0.00000000e+00 0.00000000e+00 1.00000000e+00
9.99999447e-01 -1.30901370e-04 1.01976070e-03 7.71891154e-03 1.30437007e-04 9.99999905e-01 4.58529134e-04 2.50211606e-02 -1.01975695e-03 -4.58391416e-04 9.99999398e-01 -1.02314289e+00 0.00000000e+00 0.00000000e+00 0.00000000e+00 1.00000000e+00
9.99999574e-01 -6.12334194e-04 -5.84449920e-04 9.30394455e-03 6.13451788e-04 9.99997934e-01 1.91970515e-03 2.55009237e-02 5.83210094e-04 -1.92006282e-03 9.99997971e-01 -1.01500932e+00 0.00000000e+00 0.00000000e+00 0.00000000e+00 1.00000000e+00
9.99993861e-01 -1.40243889e-03 -3.22443514e-03 1.08493105e-02 1.41132561e-03 9.99995220e-01 2.75618232e-03 2.31281304e-02 3.22061107e-03 -2.76071137e-03 9.99990972e-01 -1.01122792e+00 0.00000000e+00 0.00000000e+00 0.00000000e+00 1.00000000e+00
9.99986532e-01 -1.24787438e-03 -5.02772952e-03 9.91626235e-03 1.25510091e-03 9.99998199e-01 1.43343966e-03 2.22123147e-02 5.02590267e-03 -1.43973721e-03 9.99986348e-01 -1.00575688e+00 0.00000000e+00 0.00000000e+00 0.00000000e+00 1.00000000e+00
9.99980011e-01 3.92317427e-04 -6.30851310e-03 7.54606941e-03 -4.02436702e-04 9.99998612e-01 -1.60357355e-03 2.31361699e-02 6.30785585e-03 1.60607325e-03 9.99978769e-01 -1.00725303e+00 0.00000000e+00 0.00000000e+00 0.00000000e+00 1.00000000e+00
9.99978619e-01 1.24179956e-03 -6.43257848e-03 1.63855996e-03 -1.26614128e-03 9.99992050e-01 -3.78078919e-03 3.04420904e-02 6.42788732e-03 3.78885662e-03 9.99972232e-01 -1.00254914e+00 0.00000000e+00 0.00000000e+00 0.00000000e+00 1.00000000e+00
9.99978478e-01 -2.67533583e-03 -5.98532165e-03 8.44048927e-03 2.66974539e-03 9.99996011e-01 -9.41675194e-04 2.93571147e-02 5.98779034e-03 9.25678615e-04 9.99981657e-01 -9.95252823e-01 0.00000000e+00 0.00000000e+00 0.00000000e+00 1.00000000e+00
9.99981205e-01 2.00689373e-03 -5.80726488e-03 3.38110336e-03 -1.99460910e-03 9.99995831e-01 2.12123712e-03 2.66900965e-02 5.81145725e-03 -2.10961289e-03 9.99980897e-01 -9.87958087e-01 0.00000000e+00 0.00000000e+00 0.00000000e+00 1.00000000e+00
9.99984033e-01 1.83492665e-04 -5.63295720e-03 4.11495367e-03 -1.67667480e-04 9.99996003e-01 2.80989899e-03 2.43425968e-02 5.63345229e-03 -2.80890670e-03 9.99980137e-01 -9.82086722e-01 0.00000000e+00 0.00000000e+00 0.00000000e+00 1.00000000e+00
9.99982069e-01 -1.81464986e-03 -5.70226509e-03 7.86104775e-03 1.82072883e-03 9.99997782e-01 1.05993923e-03 2.49329603e-02 5.70033489e-03 -1.07031093e-03 9.99983185e-01 -9.81239492e-01 0.00000000e+00 0.00000000e+00 0.00000000e+00 1.00000000e+00
9.99989638e-01 -1.09587856e-03 -4.43237909e-03 5.43709372e-03 1.10119627e-03 9.99998621e-01 1.19760276e-03 2.38105479e-02 4.43109350e-03 -1.20246994e-03 9.99989459e-01 -9.76088547e-01 0.00000000e+00 0.00000000e+00 0.00000000e+00 1.00000000e+00
9.99992252e-01 5.89925131e-04 -3.88674200e-03 3.49500442e-03 -5.95362849e-04 9.99998911e-01 -1.40020545e-03 2.25508307e-02 3.88594185e-03 1.40250770e-03 9.99991519e-01 -9.73920958e-01 0.00000000e+00 0.00000000e+00 0.00000000e+00 1.00000000e+00
9.99994919e-01 1.08555391e-03 -3.00546433e-03 1.80536399e-03 -1.10849417e-03 9.99970147e-01 -7.64005438e-03 2.51073872e-02 2.99703043e-03 7.64334754e-03 9.99966248e-01 -9.78609490e-01 0.00000000e+00 0.00000000e+00 0.00000000e+00 1.00000000e+00
9.99996719e-01 -3.58196885e-04 -2.51899820e-03 4.12877779e-03 3.31715720e-04 9.99944838e-01 -1.05028191e-02 3.27911609e-02 2.52259466e-03 1.05019451e-02 9.99941710e-01 -9.75494088e-01 0.00000000e+00 0.00000000e+00 0.00000000e+00 1.00000000e+00
9.99997661e-01 -6.50600549e-04 -2.09160142e-03 5.10841459e-03 6.39964494e-04 9.99986886e-01 -5.08376617e-03 2.99469562e-02 2.09490717e-03 5.08241692e-03 9.99984839e-01 -9.68481938e-01 0.00000000e+00 0.00000000e+00 0.00000000e+00 1.00000000e+00
9.99998408e-01 1.21611560e-03 -1.29013865e-03 2.42186973e-03 -1.20552632e-03 9.99965788e-01 8.17623812e-03 2.11584553e-02 1.30003439e-03 -8.17466522e-03 9.99965697e-01 -9.52648637e-01 0.00000000e+00 0.00000000e+00 0.00000000e+00 1.00000000e+00
9.99997742e-01 1.73321226e-03 -1.25391873e-03 -9.32565755e-04 -1.72564204e-03 9.99980393e-01 6.01767626e-03 1.93971036e-02 1.26433108e-03 -6.01549419e-03 9.99981140e-01 -9.48441635e-01 0.00000000e+00 0.00000000e+00 0.00000000e+00 1.00000000e+00
9.99984348e-01 5.53796487e-03 -7.08479430e-04 -3.39491169e-03 -5.53662757e-03 9.99982934e-01 1.86739021e-03 1.79347381e-02 7.18835075e-04 -1.86344379e-03 9.99998084e-01 -9.51152477e-01 0.00000000e+00 0.00000000e+00 0.00000000e+00 1.00000000e+00
9.99993419e-01 3.62455074e-03 1.74148594e-04 -2.52053723e-03 -3.62421604e-03 9.99991664e-01 -1.91431325e-03 2.65366193e-02 -1.81078364e-04 1.91367192e-03 9.99998157e-01 -9.51679956e-01 0.00000000e+00 0.00000000e+00 0.00000000e+00 1.00000000e+00
9.99999465e-01 -7.82446674e-04 6.72719871e-04 4.06217227e-03 7.84381795e-04 9.99995498e-01 -2.87579537e-03 2.56463840e-02 -6.70421519e-04 2.87631950e-03 9.99995583e-01 -9.50407412e-01 0.00000000e+00 0.00000000e+00 0.00000000e+00 1.00000000e+00
9.99999253e-01 -9.33065858e-04 8.84860929e-04 4.27576108e-03 9.36927342e-04 9.99989965e-01 -4.37740362e-03 2.37650754e-02 -8.80837578e-04 4.37822619e-03 9.99990031e-01 -9.48985530e-01 0.00000000e+00 0.00000000e+00 0.00000000e+00 1.00000000e+00
9.99995048e-01 -2.97476881e-03 1.00444950e-03 7.82216035e-03 2.98071342e-03 9.99977701e-01 -5.97435699e-03 3.01933079e-02 -9.86717346e-04 5.97732219e-03 9.99981653e-01 -9.48827052e-01 0.00000000e+00 0.00000000e+00 0.00000000e+00 1.00000000e+00
9.99963945e-01 -8.45640666e-03 6.89037505e-04 1.66665848e-02 8.45811542e-03 9.99961179e-01 -2.50455734e-03 2.77858648e-02 -6.67829658e-04 2.51030014e-03 9.99996631e-01 -9.40687386e-01 0.00000000e+00 0.00000000e+00 0.00000000e+00 1.00000000e+00
9.99971984e-01 -7.27024458e-03 1.79031650e-03 1.60439024e-02 7.27086018e-03 9.99973474e-01 -3.36701409e-04 2.05869996e-02 -1.78780488e-03 3.49706313e-04 9.99998342e-01 -9.40322072e-01 0.00000000e+00 0.00000000e+00 0.00000000e+00 1.00000000e+00
9.99994667e-01 2.24855236e-03 2.35606370e-03 1.95868627e-03 -2.24421473e-03 9.99995817e-01 -1.84198616e-03 2.29654953e-02 -2.36016121e-03 1.83668835e-03 9.99995562e-01 -9.37632143e-01 0.00000000e+00 0.00000000e+00 0.00000000e+00 1.00000000e+00
9.99984448e-01 4.21338969e-03 3.66484233e-03 -2.30538982e-03 -4.21435793e-03 9.99991069e-01 2.57293092e-04 2.50127627e-02 -3.66371073e-03 -2.72733717e-04 9.99993183e-01 -9.33824170e-01 0.00000000e+00 0.00000000e+00 0.00000000e+00 1.00000000e+00
9.99979385e-01 2.44752795e-03 5.93196962e-03 6.36792623e-04 -2.46998380e-03 9.99989801e-01 3.78071372e-03 1.77237636e-02 -5.92267320e-03 -3.79528766e-03 9.99975295e-01 -9.30507794e-01 0.00000000e+00 0.00000000e+00 0.00000000e+00 1.00000000e+00
9.99942690e-01 5.83661533e-03 8.97710245e-03 -3.45336857e-03 -5.83195120e-03 9.99982850e-01 -5.45382986e-04 1.54251917e-02 -8.98020241e-03 4.92996104e-04 9.99959538e-01 -9.31535723e-01 0.00000000e+00 0.00000000e+00 0.00000000e+00 1.00000000e+00
9.99931869e-01 6.93328866e-03 9.39210278e-03 -5.64422642e-03 -6.91227299e-03 9.99973483e-01 -2.26863197e-03 2.18775235e-02 -9.40756424e-03 2.20355662e-03 9.99953299e-01 -9.34162586e-01 0.00000000e+00 0.00000000e+00 0.00000000e+00 1.00000000e+00
9.99933631e-01 -1.29680833e-03 1.14468401e-02 5.31282833e-03 1.28299034e-03 9.99998454e-01 1.21390944e-03 1.30467295e-02 -1.14483982e-02 -1.19914347e-03 9.99933770e-01 -9.28206402e-01 0.00000000e+00 0.00000000e+00 0.00000000e+00 1.00000000e+00
9.99918590e-01 -2.10449693e-03 1.25863679e-02 1.02863713e-02 2.11924014e-03 9.99997146e-01 -1.15773870e-03 1.26531157e-02 -1.25838227e-02 1.18431562e-03 9.99920146e-01 -9.30602130e-01 0.00000000e+00 0.00000000e+00 0.00000000e+00 1.00000000e+00
9.99911439e-01 -1.55131883e-04 1.33046079e-02 3.84297701e-03 2.09184390e-04 9.99991679e-01 -4.06150583e-03 1.58832851e-02 -1.33038983e-02 4.06393769e-03 9.99903269e-01 -9.29427053e-01 0.00000000e+00 0.00000000e+00 0.00000000e+00 1.00000000e+00
9.99918696e-01 -2.71526006e-04 1.27553787e-02 5.76932296e-03 2.91145923e-04 9.99998775e-01 -1.53679304e-03 1.75042696e-02 -1.27549170e-02 1.54038003e-03 9.99917429e-01 -9.22690879e-01 0.00000000e+00 0.00000000e+00 0.00000000e+00 1.00000000e+00
9.99909471e-01 7.70582186e-04 1.34252553e-02 5.78685699e-03 -7.55591273e-04 9.99999065e-01 -1.12180131e-03 1.28881771e-02 -1.34261102e-02 1.11155116e-03 9.99909233e-01 -9.26806957e-01 0.00000000e+00 0.00000000e+00 0.00000000e+00 1.00000000e+00
9.99906300e-01 2.33827316e-03 1.34914198e-02 1.43115548e-03 -2.33986297e-03 9.99997323e-01 1.02393700e-04 1.79548148e-02 -1.34911236e-02 -1.33950856e-04 9.99909012e-01 -9.20275998e-01 0.00000000e+00 0.00000000e+00 0.00000000e+00 1.00000000e+00
9.99907171e-01 -7.57432652e-04 1.36045433e-02 5.61077041e-03 7.15321395e-04 9.99994925e-01 3.10052149e-03 2.22136089e-02 -1.36069325e-02 -3.09050201e-03 9.99902592e-01 -9.16245615e-01 0.00000000e+00 0.00000000e+00 0.00000000e+00 1.00000000e+00
9.99908207e-01 3.67384622e-03 1.30419543e-02 9.64842692e-04 -3.80684722e-03 9.99940849e-01 1.01872662e-02 1.18227221e-02 -1.30037941e-02 -1.02359764e-02 9.99863073e-01 -9.08226453e-01 0.00000000e+00 0.00000000e+00 0.00000000e+00 1.00000000e+00
9.99902492e-01 5.45735420e-04 1.39531882e-02 1.19318645e-03 -6.24251610e-04 9.99983964e-01 5.62353768e-03 8.53897315e-03 -1.39497542e-02 -5.63169518e-03 9.99886814e-01 -9.10636047e-01 0.00000000e+00 0.00000000e+00 0.00000000e+00 1.00000000e+00
9.99916504e-01 -1.56804734e-03 1.28296912e-02 7.67977683e-03 1.61568657e-03 9.99991866e-01 -3.70387011e-03 1.88953603e-02 -1.28237927e-02 3.72428614e-03 9.99910902e-01 -9.16753144e-01 0.00000000e+00 0.00000000e+00 0.00000000e+00 1.00000000e+00
9.99914246e-01 -1.01674740e-03 1.30510290e-02 5.54941466e-03 1.06689239e-03 9.99992062e-01 -3.83506404e-03 2.25982566e-02 -1.30470403e-02 3.84865671e-03 9.99907399e-01 -9.16375472e-01 0.00000000e+00 0.00000000e+00 0.00000000e+00 1.00000000e+00
9.99936834e-01 -2.81611821e-03 1.08827717e-02 7.23639656e-03 2.79472034e-03 9.99994170e-01 1.98039606e-03 2.12402296e-02 -1.08883149e-02 -1.94985386e-03 9.99938864e-01 -9.08027935e-01 0.00000000e+00 0.00000000e+00 0.00000000e+00 1.00000000e+00
9.99960267e-01 -4.05868951e-03 7.94208868e-03 1.09604802e-02 4.01387711e-03 9.99975999e-01 5.64982426e-03 1.72222528e-02 -7.96475501e-03 -5.61771732e-03 9.99952466e-01 -9.01587291e-01 0.00000000e+00 0.00000000e+00 0.00000000e+00 1.00000000e+00
9.99969051e-01 -5.60961092e-03 5.51956294e-03 1.31707155e-02 5.56430781e-03 9.99950958e-01 8.19027645e-03 1.18011788e-02 -5.56535775e-03 -8.15931263e-03 9.99951219e-01 -9.02204026e-01 0.00000000e+00 0.00000000e+00 0.00000000e+00 1.00000000e+00
9.99988700e-01 -2.73317303e-03 3.88601688e-03 9.52386678e-03 2.72123328e-03 9.99991580e-01 3.07404443e-03 1.44517407e-02 -3.89425261e-03 -3.06342817e-03 9.99987774e-01 -9.05168729e-01 0.00000000e+00 0.00000000e+00 0.00000000e+00 1.00000000e+00
9.99989934e-01 -1.92012215e-03 4.05189065e-03 8.16294615e-03 1.91869318e-03 9.99998047e-01 3.56597423e-04 1.76010763e-02 -4.05264071e-03 -3.48823073e-04 9.99991738e-01 -9.06127527e-01 0.00000000e+00 0.00000000e+00 0.00000000e+00 1.00000000e+00
9.99986269e-01 5.81400644e-04 5.20755155e-03 5.03255616e-03 -5.82059333e-04 9.99999817e-01 1.24550236e-04 1.53330650e-02 -5.20748355e-03 -1.27580980e-04 9.99986427e-01 -9.02751317e-01 0.00000000e+00 0.00000000e+00 0.00000000e+00 1.00000000e+00
9.99979493e-01 -1.86762509e-03 6.12051928e-03 7.05687439e-03 1.88421870e-03 9.99994568e-01 -2.70612351e-03 1.92443310e-02 -6.11546658e-03 2.71760100e-03 9.99977580e-01 -9.06327753e-01 0.00000000e+00 0.00000000e+00 0.00000000e+00 1.00000000e+00
9.99983533e-01 -9.03376943e-04 5.66480831e-03 8.65178970e-03 9.29567719e-04 9.99988914e-01 -4.62286551e-03 2.44428840e-02 -5.66054188e-03 4.62805914e-03 9.99973294e-01 -9.08936123e-01 0.00000000e+00 0.00000000e+00 0.00000000e+00 1.00000000e+00
9.99980784e-01 -7.32126046e-04 6.15896067e-03 9.38257197e-03 7.47741241e-04 9.99996516e-01 -2.53305381e-03 2.58775599e-02 -6.15708630e-03 2.53760170e-03 9.99977802e-01 -9.02681345e-01 0.00000000e+00 0.00000000e+00 0.00000000e+00 1.00000000e+00
9.99952374e-01 -7.50309127e-03 6.23923729e-03 1.93523708e-02 7.49873547e-03 9.99971652e-01 7.20825205e-04 2.18256702e-02 -6.24447446e-03 -6.74003118e-04 9.99980307e-01 -8.99265448e-01 0.00000000e+00 0.00000000e+00 0.00000000e+00 1.00000000e+00
9.99947900e-01 -7.80030212e-03 6.58546139e-03 2.07542167e-02 7.77984479e-03 9.99964786e-01 3.12694436e-03 1.95469779e-02 -6.60959635e-03 -3.07554399e-03 9.99973349e-01 -8.96315188e-01 0.00000000e+00 0.00000000e+00 0.00000000e+00 1.00000000e+00
9.99973973e-01 1.19997320e-03 7.11645381e-03 8.95490118e-03 -1.21923730e-03 9.99995650e-01 2.70417433e-03 1.89354481e-02 -7.11315272e-03 -2.71277949e-03 9.99971114e-01 -8.92467080e-01 0.00000000e+00 0.00000000e+00 0.00000000e+00 1.00000000e+00
9.99967053e-01 3.10145317e-03 7.49756806e-03 2.98910328e-03 -3.12527187e-03 9.99990025e-01 3.16739538e-03 1.48712824e-02 -7.48774189e-03 -3.19072345e-03 9.99966863e-01 -8.94837575e-01 0.00000000e+00 0.00000000e+00 0.00000000e+00 1.00000000e+00
9.99975371e-01 -6.35606209e-04 6.99029714e-03 1.00731228e-02 6.45724337e-04 9.99998835e-01 -1.44645610e-03 1.58098005e-02 -6.98930263e-03 1.45093045e-03 9.99974476e-01 -8.98062764e-01 0.00000000e+00 0.00000000e+00 0.00000000e+00 1.00000000e+00
9.99973814e-01 -6.63223300e-04 7.20929743e-03 5.94168869e-03 7.00858926e-04 9.99986049e-01 -5.21854405e-03 2.35780967e-02 -7.20580026e-03 5.22346152e-03 9.99960401e-01 -9.01538901e-01 0.00000000e+00 0.00000000e+00 0.00000000e+00 1.00000000e+00
9.99971571e-01 -1.14473292e-03 7.44769719e-03 7.91383280e-03 1.16677162e-03 9.99994982e-01 -2.95580559e-03 2.70183861e-02 -7.44422572e-03 2.96440665e-03 9.99967929e-01 -9.02382823e-01 0.00000000e+00 0.00000000e+00 0.00000000e+00 1.00000000e+00
9.99976159e-01 -1.39793598e-03 6.77251056e-03 8.09449668e-03 1.37313311e-03 9.99992375e-01 3.66500043e-03 1.83759917e-02 -6.77755561e-03 -3.65561085e-03 9.99970338e-01 -8.93499929e-01 0.00000000e+00 0.00000000e+00 0.00000000e+00 1.00000000e+00
9.99978394e-01 1.29241705e-04 6.56836632e-03 9.78896798e-03 -1.47321273e-04 9.99996151e-01 2.75340019e-03 1.95235899e-02 -6.56799502e-03 -2.75429624e-03 9.99974619e-01 -8.94899631e-01 0.00000000e+00 0.00000000e+00 0.00000000e+00 1.00000000e+00
9.99974757e-01 -1.03688846e-03 7.03074227e-03 9.00984176e-03 1.02252658e-03 9.99997362e-01 2.04515381e-03 1.84984930e-02 -7.03284251e-03 -2.03792651e-03 9.99973210e-01 -8.95198178e-01 0.00000000e+00 0.00000000e+00 0.00000000e+00 1.00000000e+00
9.99974532e-01 -5.83999089e-04 7.11799966e-03 9.74101304e-03 5.93637657e-04 9.99998939e-01 -1.35175635e-03 2.10651225e-02 -7.11725714e-03 1.35595080e-03 9.99973764e-01 -8.98985363e-01 0.00000000e+00 0.00000000e+00 0.00000000e+00 1.00000000e+00
9.99960224e-01 3.55570867e-03 8.17058838e-03 2.10216234e-03 -3.54925332e-03 9.99993386e-01 -8.05029330e-04 2.05438906e-02 -8.17338415e-03 7.76003304e-04 9.99966306e-01 -8.97326173e-01 0.00000000e+00 0.00000000e+00 0.00000000e+00 1.00000000e+00
9.99960535e-01 3.87230065e-03 7.99817267e-03 -7.80243454e-04 -3.87082788e-03 9.99992518e-01 -1.98545566e-04 2.01723959e-02 -7.99892652e-03 1.67570418e-04 9.99967979e-01 -8.96203015e-01 0.00000000e+00 0.00000000e+00 0.00000000e+00 1.00000000e+00
9.99974786e-01 1.87829487e-03 6.85240695e-03 4.66005976e-03 -1.87784554e-03 9.99998262e-01 -7.21334599e-05 1.94909614e-02 -6.85248947e-03 5.92595029e-05 9.99976459e-01 -8.95617853e-01 0.00000000e+00 0.00000000e+00 0.00000000e+00 1.00000000e+00
9.99960519e-01 -5.52867543e-03 6.94897488e-03 1.39216544e-02 5.52512741e-03 9.99984526e-01 5.29430379e-04 1.98684719e-02 -6.95176816e-03 -4.91007043e-04 9.99975748e-01 -8.95341539e-01 0.00000000e+00 0.00000000e+00 0.00000000e+00 1.00000000e+00
9.99974501e-01 -3.76222779e-03 6.07687212e-03 1.42335573e-02 3.76724687e-03 9.99992596e-01 -8.14046815e-04 1.96337827e-02 -6.07372294e-03 8.36918622e-04 9.99981224e-01 -8.96240731e-01 0.00000000e+00 0.00000000e+00 0.00000000e+00 1.00000000e+00
9.99985710e-01 2.23100948e-03 4.86450114e-03 4.05805454e-03 -2.22610198e-03 9.99996975e-01 -1.01364886e-03 2.02391405e-02 -4.86682508e-03 1.00279943e-03 9.99987661e-01 -8.96099755e-01 0.00000000e+00 0.00000000e+00 0.00000000e+00 1.00000000e+00
9.99986726e-01 1.70688090e-03 4.85655717e-03 3.58964591e-03 -1.70545398e-03 9.99998520e-01 -2.99851373e-04 2.07112794e-02 -4.85713942e-03 2.91569008e-04 9.99988156e-01 -8.95229372e-01 0.00000000e+00 0.00000000e+00 0.00000000e+00 1.00000000e+00
9.99988433e-01 8.39603860e-04 4.73386449e-03 4.10728149e-03 -8.50795457e-04 9.99996854e-01 2.36383641e-03 2.05538618e-02 -4.73177442e-03 -2.36784457e-03 9.99985961e-01 -8.92327955e-01 0.00000000e+00 0.00000000e+00 0.00000000e+00 1.00000000e+00
